1.000000000000000000e+00 0.000000000000000000e+00 0.000000000000000000e+00 0.000000000000000000e+00 0.000000000000000000e+00 1.000000000000000000e+00 0.000000000000000000e+00 0.000000000000000000e+00 0.000000000000000000e+00 0.000000000000000000e+00 1.000000000000000000e+00 0.000000000000000000e+00
9.999980864929667312e-01 -1.910785729798553968e-03 -4.194142341274673656e-04 1.308510374043547086e+00 1.909698101656605914e-03 9.999948522649472205e-01 -2.578467910769040999e-03 -3.894154677639460327e-01 4.243389747827537172e-04 2.577662022285837767e-03 9.999965877916450196e-01 7.990681355353790316e-01
8.463870305023240004e-01 2.078266352516275339e-02 5.321626400775031351e-01 1.692530137710154037e+00 -9.140954968543425763e-04 9.992935129994757748e-01 -3.757178870627959910e-02 -4.068774951441784804e-01 -5.325675159328447927e-01 3.131382720087977356e-02 8.458080664070027899e-01 8.363574917451768176e-01
1.620932206209402260e-01 5.842395647985830498e-02 9.850443792733249992e-01 2.282503193696222343e+00 -5.133775740323563708e-02 9.973931420413770788e-01 -5.070852860846349064e-02 -3.921986064723336218e-01 -9.854391013621983664e-01 -4.235046065945986815e-02 1.646700215230259001e-01 8.672289283391423353e-01
-2.627397380364815405e-02 3.705334138740508376e-02 9.989678314102979906e-01 2.967170265440909560e+00 -1.142759473540459342e-01 9.926504966797478069e-01 -3.982460668713888596e-02 -3.444839715162176241e-01 -9.931015487637205874e-01 -1.152043459834671268e-01 -2.184656745626334384e-02 8.480229094981318605e-01
1.525382242360293072e-01 1.100261394313775398e-01 9.821539282560277639e-01 3.683069013082505005e+00 -6.696903343392074381e-02 9.926501404706979947e-01 -1.008010276953085899e-01 -3.569049427136281594e-01 -9.860259827752236861e-01 -5.039788949282532349e-02 1.587854339252305347e-01 8.106681452099353535e-01
3.997588587150572303e-01 2.616435441873583567e-01 8.784847811225376946e-01 4.319487713109300131e+00 -8.335389532818227032e-02 9.648011712991576561e-01 -2.494209854711350594e-01 -4.379733197901315989e-01 -9.128225364288796717e-01 2.648311999843672160e-02 4.074968237209893873e-01 8.150261717160338648e-01
6.352013899262538565e-01 3.116642593651025583e-01 7.066714821401505198e-01 5.014045613616027630e+00 -1.320382956081628811e-01 9.453172525717192798e-01 -2.982300797759130928e-01 -5.519326466618929006e-01 -7.609764009012673913e-01 9.612846313479778138e-02 6.416184503633722835e-01 8.611142636429680586e-01
7.743280908557533815e-01 2.524403114168826123e-01 5.802498572885921302e-01 5.652975497391046211e+00 -1.132402901294578129e-01 9.574568831574994388e-01 -2.654297526384764017e-01 -6.262686251282327810e-01 -6.225693892274823948e-01 1.398220514299295947e-01 7.699721745172651843e-01 9.388810564776648437e-01
8.443833932598496794e-01 1.317029024676452942e-01 5.192985949033365189e-01 6.429421288776683063e+00 -2.291634976373902594e-02 9.773039693951078855e-01 -2.105986522228279201e-01 -6.324574459930669690e-01 -5.352490318538537517e-01 1.659255763472393674e-01 8.282373917020097176e-01 9.978713170000682586e-01
8.795885935185610016e-01 6.538064186048286874e-02 4.712210498502285572e-01 7.169683171732078364e+00 1.621219771758910383e-02 9.858165966152649951e-01 -1.670413196878615392e-01 -6.177398310463736442e-01 -4.754588003152387388e-01 1.545671682725922313e-01 8.660530697913302323e-01 1.047120505541937030e+00
9.024404390594749081e-01 2.316419731472594418e-02 4.301914386792317080e-01 7.943617412863421379e+00 2.817277875936049364e-02 9.932429341629772646e-01 -1.125822733484106303e-01 -5.718821340984396873e-01 -4.298924847995354570e-01 1.137184844169344816e-01 8.956899897926722254e-01 1.092748791415733223e+00
9.268754878604732461e-01 2.134141601888939199e-02 3.747617562741941133e-01 8.767133442896000162e+00 -1.270233541611075906e-02 9.995939245035461163e-01 -2.550758260940436117e-02 -4.799959101166065834e-01 -3.751539426400665733e-01 1.888200354590742480e-02 9.267701922611161214e-01 1.156905098488503869e+00
9.415917338366913691e-01 5.151983857309190562e-02 3.327922970920687007e-01 9.485140358790760118e+00 -7.550486235838112237e-02 9.953664130086234962e-01 5.953754793899409398e-02 -3.609181467112132502e-01 -3.281829101745779020e-01 -8.118749957812870788e-02 9.411187849477854472e-01 1.212451391332940887e+00
9.539941359002420684e-01 8.002343743255208031e-02 2.889488503687621668e-01 1.025711343759925676e+01 -1.112487437806467250e-01 9.894045176761507854e-01 9.328674830463265510e-02 -2.554290208903440829e-01 -2.784221716659412982e-01 -1.211402074602082324e-01 9.527886147836356345e-01 1.276891052743083455e+00
9.637036473251875401e-01 8.734373917654547625e-02 2.522822850673240302e-01 1.094380206847565695e+01 -1.154133064827164157e-01 9.884045447458820188e-01 9.867230924840403317e-02 -1.457374582825867737e-01 -2.407385486764791471e-01 -1.242075969993208795e-01 9.626096945433268992e-01 1.330340813028047631e+00
9.722461416201408912e-01 8.508273168937990905e-02 2.179412050829805103e-01 1.163330333052706145e+01 -1.090521247052074483e-01 9.889520309373174278e-01 1.004067458004440500e-01 -1.282087528389250913e-02 -2.069905171789970522e-01 -1.213870226722284090e-01 9.707832489926591091e-01 1.381261441144336466e+00
9.848087889385689353e-01 4.661833081878493518e-02 1.672673921032414301e-01 1.237400698421019207e+01 -5.812948619069436412e-02 9.962171422310882596e-01 6.459387246581105302e-02 1.086177393738222696e-01 -1.636233848340605257e-01 -7.333578087532657830e-02 9.837932969780038839e-01 1.435349343962908142e+00
9.930975443617980902e-01 -2.446554373451632555e-02 1.147113967848916033e-01 1.301566623872206563e+01 2.546379762474629618e-02 9.996494921732133054e-01 -7.244847021338037679e-03 1.610105062198908810e-01 -1.144939404208464434e-01 1.011582757915014535e-02 9.933724415541718145e-01 1.467800656300617845e+00
9.896374939049266128e-01 -1.256222983732354359e-01 6.954616315082820521e-02 1.372095831809890676e+01 1.328391784692198596e-01 9.848671364389446348e-01 -1.113125160355991627e-01 1.396997334497294685e-01 -5.451039645057224881e-02 1.193974945883646832e-01 9.913490076480746538e-01 1.511861475572133129e+00
9.803062607216195268e-01 -1.906302306395863955e-01 5.157276758420011042e-02 1.437009665513132184e+01 1.967729139364652879e-01 9.650141495453808949e-01 -1.732862127180270773e-01 1.021367746501953833e-01 -1.673485975287053104e-02 1.800216829815314279e-01 9.835202784516180463e-01 1.548505135675514177e+00
9.718772425962391992e-01 -2.310353823684968833e-01 4.557715894363444098e-02 1.510221320654970434e+01 2.354579402012773881e-01 9.502834507605308900e-01 -2.037668314687877680e-01 6.197431549341590046e-02 3.766127945590311971e-03 2.087678502655524460e-01 9.779579750560846163e-01 1.597428390392584108e+00
9.681660839640304772e-01 -2.465419279809969444e-01 4.326097096883513293e-02 1.579565893890374539e+01 2.500473556976743894e-01 9.447058125378180460e-01 -2.121491165804403334e-01 2.322671926895600314e-02 1.143476149091869273e-02 2.162128708117846410e-01 9.762792841830517654e-01 1.618237076504730032e+00
9.652597553150854548e-01 -2.582776560772603314e-01 3.957596670073181694e-02 1.650622674405211399e+01 2.605683327141992689e-01 9.402141060058712974e-01 -2.193207214426450835e-01 -3.463532034883077398e-02 1.943575971253340418e-02 2.220137095740180033e-01 9.748498161284023800e-01 1.626297883023283264e+00
9.674680041494602145e-01 -2.512972870000394487e-01 2.924610219293668004e-02 1.730460404220253423e+01 2.517137840856795150e-01 9.445093036358034322e-01 -2.110505774611324270e-01 -7.250170780786996394e-02 2.541322191946208606e-02 2.115463280036534166e-01 9.770375219303722991e-01 1.633291116515933838e+00
9.696012104911342355e-01 -2.436883403914995583e-01 2.212431629144857512e-02 1.806684918429096953e+01 2.429858704309126316e-01 9.482478095555091357e-01 -2.044112483306896322e-01 -1.186828867159798739e-01 2.883330340178106785e-02 2.035732900712069471e-01 9.786350474944811584e-01 1.619371852272882162e+00
9.758570480580089912e-01 -2.182225925860317717e-01 9.051068475025059873e-03 1.891524584588712798e+01 2.162275843259110486e-01 9.594311703511007039e-01 -1.809349638276092076e-01 -1.274612321323329023e-01 3.080021967599952046e-02 1.785237503632164380e-01 9.834534137538809562e-01 1.613410887356253154e+00
9.809245423389322260e-01 -1.943710718630503043e-01 -2.632234785342635330e-03 1.969567513592731345e+01 1.913073721052510057e-01 9.676875908939249760e-01 -1.642626427648555820e-01 -1.299780225138681411e-01 3.447508687935771365e-02 1.606256917579515497e-01 9.864131261960883412e-01 1.604456308301375200e+00
9.865768567621310270e-01 -1.624695372371972868e-01 -1.642422513499260106e-02 2.056326911567784066e+01 1.585077655518033757e-01 9.769640317464191037e-01 -1.428865596672997396e-01 -1.092772037276142222e-01 3.926059043275460098e-02 1.383652056830517729e-01 9.896027869277443934e-01 1.606871635170981527e+00
9.893848184428357673e-01 -1.429233097686635756e-01 -2.627943225428894594e-02 2.137134897309198678e+01 1.384424207516311567e-01 9.819964654585006114e-01 -1.285170726535598551e-01 -1.065686260829847853e-01 4.417439497339444021e-02 1.235146523768847759e-01 9.913590436753739743e-01 1.602510360336024453e+00
9.923146516289936825e-01 -1.199413391628581793e-01 -3.042543873552291944e-02 2.220297093840374814e+01 1.159057384262431045e-01 9.870524445096648947e-01 -1.108752974623390536e-01 -8.021431712736093456e-02 4.333003533689014364e-02 1.064966992320188349e-01 9.933684920966583398e-01 1.606043824859574309e+00
9.943980600749302567e-01 -1.001510057370084694e-01 -3.379754679087362129e-02 2.311856308187124753e+01 9.650656954964348389e-02 9.906734577999943836e-01 -9.619034278119008297e-02 -5.814169301310032067e-02 4.311589211619564627e-02 9.238980495957720140e-02 9.947889946046628573e-01 1.624482417652975297e+00
9.958469666492016925e-01 -8.450064177587955638e-02 -3.388894443691334302e-02 2.400138843204889483e+01 8.142353391449171085e-02 9.931574670741911692e-01 -8.371650804741173624e-02 -2.876350631293259075e-02 4.073115687602474333e-02 8.060947298079312873e-02 9.959131918622724511e-01 1.627715649345627735e+00
9.971850677250952977e-01 -6.577078556744044013e-02 -3.600200649879141401e-02 2.497076122235350226e+01 6.320881053996661725e-02 9.956679887726874734e-01 -6.819019286872816943e-02 1.923854872026069945e-02 4.033096795540438984e-02 6.572259808614926146e-02 9.970225439399987843e-01 1.639201169172636918e+00
9.981624922432780211e-01 -4.925486469471083290e-02 -3.529302172659133652e-02 2.587672802710793363e+01 4.732487484317596943e-02 9.974415948490451544e-01 -5.357817733061535220e-02 7.772956179463956505e-02 3.784171375302194940e-02 5.180948917813089222e-02 9.979397684887276743e-01 1.643129888404212258e+00
9.988467101161604411e-01 -3.122679088653796536e-02 -3.647104633886154301e-02 2.684712063852713371e+01 2.977794168858801521e-02 9.987711869112209095e-01 -3.961553211484095810e-02 1.496725086043713404e-01 3.766329617696795307e-02 3.848381123120957897e-02 9.985491837632268775e-01 1.659685032091164247e+00
9.991854035702465442e-01 -1.467883589570390286e-02 -3.759070455459156274e-02 2.773088405352538643e+01 1.362906867770788226e-02 9.995141137646272878e-01 -2.803185459954409334e-02 2.305823693828472631e-01 3.798391474218946323e-02 2.749669365684998326e-02 9.988999719985978132e-01 1.669203710343477365e+00
9.992609122730914395e-01 -4.679721765315132849e-03 -3.815402216474221564e-02 2.862095025316512675e+01 3.869435236689474939e-03 9.997659925801591907e-01 -2.128350420296441087e-02 2.961712746397936469e-01 3.824469471831969114e-02 2.112013930843671672e-02 9.990451856855595558e-01 1.676012788754198013e+00
9.992534986040568779e-01 1.188817132773683539e-03 -3.861388663909336855e-02 2.959857607948756808e+01 -1.831775459330012724e-03 9.998602027806239301e-01 -1.661985241078186779e-02 3.539054996315569301e-01 3.858873055982180861e-02 1.667817763769169695e-02 9.991159833895497666e-01 1.688837043240214220e+00
9.993127672284229934e-01 7.676082275818608275e-03 -3.626390788604615112e-02 3.051249813227940066e+01 -8.099144509600249980e-03 9.999006833818095963e-01 -1.153374313931652094e-02 4.210065577320463159e-01 3.617177231606696908e-02 1.181952340350414347e-02 9.992756885634862529e-01 1.691498952656074861e+00
9.992752683046107753e-01 1.632535501728773000e-02 -3.438634813857278927e-02 3.152120189853803112e+01 -1.651295057170174344e-02 9.998502410958876041e-01 -5.178594781549099649e-03 5.123722155802311606e-01 3.429665607845967801e-02 5.742661756926916578e-03 9.993951977159890587e-01 1.700673031361295218e+00
9.991736329607173728e-01 2.382792529026017334e-02 -3.292842499183789434e-02 3.245986020688737028e+01 -2.384193533544264401e-02 9.997157401188473402e-01 -3.283421177733219327e-05 6.039503854781629322e-01 3.291828239051797916e-02 8.178844580203311395e-04 9.994577118365094437e-01 1.700476872303798848e+00
9.991226410553515347e-01 2.805236672775085482e-02 -3.109683024924426650e-02 3.341598296458136730e+01 -2.795182893296792315e-02 9.996025593071703463e-01 3.663152447877922498e-03 6.853281982729146904e-01 3.118723119933274404e-02 -2.790725268827749100e-03 9.995096640166080126e-01 1.696668128797271802e+00
9.992469305089327625e-01 2.913899224607955848e-02 -2.562208030896520258e-02 3.449921533330407186e+01 -2.904311165394389896e-02 9.995697250385785493e-01 4.106391573776414436e-03 7.570691847469950275e-01 2.573071188157636038e-02 -3.359154236344233727e-03 9.996632665797438033e-01 1.697665885178771150e+00
9.994748071575632054e-01 2.893413148219324202e-02 -1.459198042499020367e-02 3.554839570856958630e+01 -2.889959355740578592e-02 9.995790097930178364e-01 2.572289530166775671e-03 8.098082656609738583e-01 1.466026430760691834e-02 -2.149236278637018088e-03 9.998902226913962688e-01 1.692908350827502018e+00
9.995480538620877820e-01 3.001030580491244673e-02 -1.752017696422103173e-03 3.671940335865797778e+01 -3.000696745086997921e-02 9.995478806924393833e-01 1.901606598467049918e-03 8.722087938118789907e-01 1.808293370934998525e-03 -1.848174436719157970e-03 9.999966571575806817e-01 1.692143795132634354e+00
9.995608971392028197e-01 2.862668057763394572e-02 7.650233289132665065e-03 3.779102583182644537e+01 -2.862430914490749281e-02 9.995901525619240724e-01 -4.193175480699554104e-04 9.117721156208978828e-01 -7.659101530127625582e-03 2.001507818362195310e-04 9.999706486209560818e-01 1.685429035488258842e+00
9.995776751766338730e-01 2.562481170440406020e-02 1.370548479952417818e-02 3.895430890534216672e+01 -2.557584658993854870e-02 9.996659029507986016e-01 -3.736114127392379212e-03 9.434008429264872930e-01 -1.379664305851537216e-02 3.384006896980086727e-03 9.998990954779574114e-01 1.680253424779090565e+00
9.993990634370519821e-01 3.039384256013158772e-02 1.666512332907263069e-02 4.001645558466891828e+01 -3.038368434514325880e-02 9.995379371923688305e-01 -8.624609201232605760e-04 1.040243950135737228e+00 -1.668363649681817509e-02 3.555947890188188520e-04 9.998607552182393610e-01 1.671223929724558355e+00
9.992276542992013511e-01 3.353199400470188718e-02 2.048658736305578737e-02 4.108656347395996988e+01 -3.356857164509828573e-02 9.994353734220371432e-01 1.444074257328749940e-03 1.132005377621373432e+00 -2.042659740199975760e-02 -2.130664408444771490e-03 9.997890849512985900e-01 1.665598693110087014e+00
9.990953094282020164e-01 3.505011825392637115e-02 2.408426641919441877e-02 4.225510239097398824e+01 -3.511509518716976475e-02 9.993806736865378237e-01 2.280164870648578729e-03 1.226909838060245672e+00 -2.398943035090590412e-02 -3.123823334811127138e-03 9.997073316522249176e-01 1.666282253070480834e+00
9.988707056512392546e-01 3.686699400717275560e-02 2.996895301258362815e-02 4.334018229970853753e+01 -3.697202646648264229e-02 9.993119230893757754e-01 2.957977412900827767e-03 1.316160528739970692e+00 -2.983928033242531919e-02 -4.062649909678693258e-03 9.995464532601544549e-01 1.664412574179044535e+00
9.987714859984083704e-01 3.699188399680013867e-02 3.297149185126178189e-02 4.449778769966317071e+01 -3.714079714090375711e-02 9.993023726521699235e-01 3.915252160624568475e-03 1.420916009613189424e+00 -3.280365748310355017e-02 -5.135029708806155418e-03 9.994486237549282670e-01 1.665047045473987408e+00
9.986234892675756036e-01 3.824333236281964726e-02 3.589671590604443657e-02 4.557579868739223627e+01 -3.848810057780596011e-02 9.992401186130743795e-01 6.152354674586212047e-03 1.521370108741735727e+00 -3.563415211514153053e-02 -7.525482304551727591e-03 9.993365670879450491e-01 1.662140149108005893e+00
9.987150267074542676e-01 3.813097081496472085e-02 3.338149926885941587e-02 4.674855861668950752e+01 -3.840345615107707000e-02 9.992337185048971726e-01 7.559785613883392326e-03 1.626209963847794482e+00 -3.306765767908052822e-02 -8.832036434701037025e-03 9.994140909292978936e-01 1.660977162162185161e+00
9.987093487195299879e-01 3.921833317603987124e-02 3.227319511770335159e-02 4.783760841645708695e+01 -3.952646047064499457e-02 9.991783038180397369e-01 8.965271996298871879e-03 1.721806625286822934e+00 -3.189507333233081166e-02 -1.022934612759840260e-02 9.994388749568065000e-01 1.657545594060959804e+00
9.985579376238640226e-01 4.037879385905164542e-02 3.537793401067974158e-02 4.894720016827920972e+01 -4.069340132190024661e-02 9.991378840723432742e-01 8.218010726205305511e-03 1.806801396514343461e+00 -3.501560076923661974e-02 -9.645808308766653377e-03 9.993402153845508673e-01 1.661745798650724248e+00
9.984727279670436717e-01 3.974424995634767005e-02 3.837455017922105499e-02 5.014417106975985661e+01 -3.998815676808068625e-02 9.991844097200861530e-01 5.609161311161747938e-03 1.880686950021590809e+00 -3.812032035990253059e-02 -7.135122124434139894e-03 9.992476826132388190e-01 1.674393062731441395e+00
9.983740961049143436e-01 3.929990220967157638e-02 4.128779375318200606e-02 5.123807318623392604e+01 -3.943615098148508386e-02 9.992189889677558501e-01 2.490397964397703286e-03 1.936468000762521013e+00 -4.115767513429975655e-02 -4.114580484789978621e-03 9.991441917986478849e-01 1.685517328430506279e+00
9.984856816944230884e-01 3.741530460672507635e-02 4.032912635316603794e-02 5.240461786778088538e+01 -3.725352181069885998e-02 9.992945294433824843e-01 -4.755894997695439379e-03 1.983623034544501174e+00 -4.047861860196613065e-02 3.246291070636926103e-03 9.991751313110037724e-01 1.699120050673722959e+00
9.985318210097735570e-01 3.641135598654785671e-02 4.010505686476692477e-02 5.347506758405917537e+01 -3.603560088811668533e-02 9.992999423856718799e-01 -1.005289095857362335e-02 2.014519298159010319e+00 -4.044302040572225754e-02 8.592921692503243877e-03 9.991448962974532888e-01 1.707417470107711832e+00
9.986330452388331169e-01 3.605460144936781242e-02 3.784318526949712047e-02 5.454704381382954637e+01 -3.541590194436559924e-02 9.992209201922890305e-01 -1.741454965084585776e-02 2.038569625394514251e+00 -3.844157705507567080e-02 1.605049421052009290e-02 9.991319366275488445e-01 1.716049701802965899e+00
9.987978421026285636e-01 3.530804112876118755e-02 3.400312989685218279e-02 5.572215498767383224e+01 -3.452580195390322210e-02 9.991316068158053731e-01 -2.332383461411507639e-02 2.057130895694824879e+00 -3.479712072244407761e-02 2.212181035350517175e-02 9.991495312995503086e-01 1.730372481110401983e+00
9.988147203617908643e-01 3.559593251721762663e-02 3.319765017025472220e-02 5.682042119015803650e+01 -3.460563457901834339e-02 9.989523958444733731e-01 -2.994262667117539994e-02 2.059007736707163527e+00 -3.422870789235805955e-02 2.875831053479364213e-02 9.990001777433292762e-01 1.745209325728720451e+00
9.989209928851993103e-01 3.552489495375732442e-02 2.991373951501179185e-02 5.800978952321774074e+01 -3.441881791455801698e-02 9.987329709445603720e-01 -3.671236469660266871e-02 2.062334322190756186e+00 -3.118004083724026237e-02 3.564315624038317393e-02 9.988780558539723797e-01 1.764475278940695890e+00
9.989880959257163573e-01 3.564192973512110563e-02 2.743058591187109985e-02 5.909282723093170375e+01 -3.447287422282360736e-02 9.985238806119667299e-01 -4.197238128146038583e-02 2.066400997462868983e+00 -2.888607175663100018e-02 4.098429811983599069e-02 9.987421499897235488e-01 1.783068073165126943e+00
9.990097579684706908e-01 3.561235690559055173e-02 2.666952416911430590e-02 6.026415495305393932e+01 -3.435756511891050607e-02 9.983450891760246027e-01 -4.611551406214349502e-02 2.084169811095698766e+00 -2.826767063056239565e-02 4.515354862848286466e-02 9.985800397781731119e-01 1.807504432004801265e+00
9.988995289049560355e-01 3.562013920477937606e-02 3.051125753699604135e-02 6.133778609339258026e+01 -3.408096864186956759e-02 9.981894345481836517e-01 -4.956148033310803225e-02 2.098189639677242369e+00 -3.222140173686833392e-02 4.846708614523148606e-02 9.983049247753422728e-01 1.829808562850360198e+00
9.987323815292062923e-01 3.586469115479114927e-02 3.531789933406586507e-02 6.242377552540466468e+01 -3.398450227684277763e-02 9.980440790183345845e-01 -5.246970498715924913e-02 2.112814991207070392e+00 -3.713063007807749366e-02 5.120293218962856940e-02 9.979977835873129477e-01 1.847391677200626248e+00
9.987240258359537659e-01 3.616325809784382700e-02 3.524966640656497507e-02 6.360538647084008090e+01 -3.415696784074127162e-02 9.978493280466935733e-01 -5.594658224314432576e-02 2.124991229261391279e+00 -3.719706663101203514e-02 5.467117412778948332e-02 9.978113253283593664e-01 1.860457427090163485e+00
9.987804801353800110e-01 3.654245257299541111e-02 3.319942259272178064e-02 6.470348587102411386e+01 -3.450637461583549309e-02 9.976042304659586968e-01 -5.995923171033748500e-02 2.132393436552077581e+00 -3.531094180861463205e-02 5.874051852318548650e-02 9.976485798477416900e-01 1.865737278386786491e+00
9.988767405285716716e-01 3.654651498372461782e-02 3.015973265068788711e-02 6.590694870270932881e+01 -3.464274486194904301e-02 9.975119736172676221e-01 -6.139823058210575751e-02 2.156919711190227851e+00 -3.232858579409993161e-02 6.028444851475308480e-02 9.976575804392134872e-01 1.871282311875613669e+00
9.989393809789836043e-01 3.576504235069025844e-02 2.899956680673343098e-02 6.702990572756115739e+01 -3.403709637932502557e-02 9.977341067916164485e-01 -5.803557714712345716e-02 2.194544868427583229e+00 -3.100950175977361042e-02 5.698696245974610441e-02 9.978932292135376247e-01 1.878038180463136531e+00
9.990030787579168292e-01 3.454431798448215352e-02 2.827611584340477061e-02 6.817638410712619645e+01 -3.290538366947599880e-02 9.978597913730624658e-01 -5.650727817256983448e-02 2.244704598919392335e+00 -3.016760444197128313e-02 5.552050842611753328e-02 9.980016977873020778e-01 1.888327937556889324e+00
9.990218516537399118e-01 3.416808020674946128e-02 2.806923962842061693e-02 6.940835025439604067e+01 -3.269500207722585844e-02 9.981448100560837977e-01 -5.136122075334784154e-02 2.304854827276254792e+00 -2.977208016754556014e-02 5.039325801224869839e-02 9.982856018141340604e-01 1.906136227717090126e+00
9.988868811544521220e-01 3.368076371392187546e-02 3.302430639966157794e-02 7.054666131581380739e+01 -3.221235201101293327e-02 9.985106905998363258e-01 -4.403141078544757503e-02 2.376108067072951968e+00 -3.445813453236196838e-02 4.291860800964078515e-02 9.984841661494010534e-01 1.925676445553200944e+00
9.988439059918682306e-01 3.376822466108899551e-02 3.421342523259551099e-02 7.176497096593102754e+01 -3.239843574331609938e-02 9.986811016504171246e-01 -3.982961922609463967e-02 2.435727098553184700e+00 -3.551327673271505864e-02 3.867511098300417671e-02 9.986205700696126897e-01 1.947195224117106216e+00
9.988803901474122560e-01 3.388403852885833040e-02 3.301269622324297381e-02 7.286665662930191445e+01 -3.261313973336119748e-02 9.987338026386539669e-01 -3.830371501129144207e-02 2.486981053669064856e+00 -3.426878018963519512e-02 3.718418211967046416e-02 9.987206753163797579e-01 1.963325443936675629e+00
9.989536305829452845e-01 3.506999528557162848e-02 2.935539772891255714e-02 7.405159290635390335e+01 -3.395369853727674136e-02 9.987121484458606480e-01 -3.769868568389501962e-02 2.545915450129129010e+00 -3.063968506353144036e-02 3.666251460720287847e-02 9.988578826449158177e-01 1.982746558774189483e+00
9.990001528801915054e-01 3.580723199773784560e-02 2.676820281628503051e-02 7.512442364189078603e+01 -3.481597615293986758e-02 9.987224984051101817e-01 -3.662265670281431712e-02 2.605141063105118171e+00 -2.804536235942607647e-02 3.565407853408144451e-02 9.989705923269280863e-01 1.998572863439888714e+00
9.990265289488022837e-01 3.660631946675562548e-02 2.461649511213293007e-02 7.619080214686913166e+01 -3.568985323598802134e-02 9.986891152440293684e-01 -3.669176295970748292e-02 2.659680321646344048e+00 -2.592737612064653641e-02 3.577748549291236146e-02 9.990233944704712821e-01 2.013443548766119306e+00
9.990602453608442568e-01 3.720527479049697689e-02 2.223496497171521119e-02 7.735726133375915481e+01 -3.636527044611131271e-02 9.986512043597741695e-01 -3.705859058509496096e-02 2.713689354151121336e+00 -2.358374959396777187e-02 3.621518408811580381e-02 9.990656971373569339e-01 2.029807118325157589e+00
9.991403087420179796e-01 3.738746766261662191e-02 1.791146863553040244e-02 7.841544990498259438e+01 -3.669996432837120681e-02 9.986304866414948966e-01 -3.728624100747074399e-02 2.758562116957811838e+00 -1.928097676989094442e-02 3.659683609204091026e-02 9.991440914717211186e-01 2.042312745347329539e+00
9.992348835795317186e-01 3.782974134148486822e-02 9.927643619493798158e-03 7.956462092699088373e+01 -3.743679645981874693e-02 9.986078014014967419e-01 -3.716107171348251303e-02 2.803412539584437368e+00 -1.131961609885371624e-02 3.676097999380373293e-02 9.992599745017657353e-01 2.055366419257773636e+00
9.992707000537226492e-01 3.789772389453784085e-02 4.672316101896526949e-03 8.060798180300035654e+01 -3.770737782946566308e-02 9.986514118102269855e-01 -3.568629073840538790e-02 2.855176966735353705e+00 -6.018444264806913774e-03 3.548408393989413434e-02 9.993521191830122552e-01 2.068529354353075167e+00
9.992862109544429217e-01 3.729367160339662479e-02 6.020851654942485469e-03 8.168011084844860648e+01 -3.707015157272582073e-02 9.987431241855438957e-01 -3.373389622434056628e-02 2.902935377325176702e+00 -7.271345039808577680e-03 3.348662345530605683e-02 9.994127143432159910e-01 2.085259568924095142e+00
9.992765599986497271e-01 3.640649665594519746e-02 1.099652847517850439e-02 8.287012014824516370e+01 -3.602649060891806310e-02 9.988066230612530072e-01 -3.297607774404701098e-02 2.949825242910632639e+00 -1.218394893580478956e-02 3.255605520047762103e-02 9.993956447063960802e-01 2.105043690811972734e+00
9.992204899756802483e-01 3.561428555705169890e-02 1.703041623161296106e-02 8.396577225119355603e+01 -3.507422830434114153e-02 9.989030886652959795e-01 -3.102286195351073098e-02 3.004434325491538438e+00 -1.811659243942310635e-02 3.040135061460933277e-02 9.993735772768815862e-01 2.119937641876178169e+00
9.992069771040672510e-01 3.526594707776166404e-02 1.848593744607933756e-02 8.514252949408798088e+01 -3.471829855575603307e-02 9.989718404470161461e-01 -2.915307426832420071e-02 3.065998462308471062e+00 -1.949504172719906600e-02 2.848815491760657917e-02 9.994040065846468979e-01 2.133773062570820223e+00
9.992263450195598695e-01 3.488219050980448377e-02 1.816436632777499588e-02 8.622053993587392995e+01 -3.435835428767110289e-02 9.990061616240616393e-01 -2.839352968199622407e-02 3.123157872882415642e+00 -1.913674239505702701e-02 2.774746515264472912e-02 9.994317701914965379e-01 2.141851707582024478e+00
9.992590770945147804e-01 3.460319550403103545e-02 1.684979837054726912e-02 8.737970593388918417e+01 -3.413532063922137400e-02 9.990441403146097521e-01 -2.730541316112065908e-02 3.188220306608408272e+00 -1.777854687751051141e-02 2.671000868498098896e-02 9.994851168011318343e-01 2.152073070272316535e+00
9.993042523033127678e-01 3.407011589664533935e-02 1.517361299450317551e-02 8.840728838457418703e+01 -3.364246236209567087e-02 9.990527705368189570e-01 -2.759975378371660321e-02 3.239186764548137809e+00 -1.609956691134196982e-02 2.707007361452785921e-02 9.995038844645737219e-01 2.162286918211375308e+00
9.993506094229929193e-01 3.360154577509317370e-02 1.301136301150827325e-02 8.941315834407627960e+01 -3.322812109239319661e-02 9.990576105871277202e-01 -2.792458946177104814e-02 3.298418337026951530e+00 -1.393741061180957426e-02 2.747411235078429589e-02 9.995253482208314999e-01 2.174115276849210687e+00
9.994053933600728357e-01 3.305878981234028346e-02 9.796741240921145316e-03 9.047432374281790146e+01 -3.276628016832329460e-02 9.990523596529575778e-01 -2.864879675987295343e-02 3.369007903772136991e+00 -1.073455200411280869e-02 2.831075922685701712e-02 9.995415300552898952e-01 2.188141382791939371e+00
9.994342750961526800e-01 3.219477990145266921e-02 9.727585009922884093e-03 9.143712149924223809e+01 -3.190031850157293292e-02 9.990689579372824536e-01 -2.904456860776329780e-02 3.425636243145183446e+00 -1.065361171276956419e-02 2.871782431191271384e-02 9.995307834800607472e-01 2.201250537136201668e+00
9.995322639293178213e-01 2.958430026959283157e-02 7.747421628623395520e-03 9.245852831035152519e+01 -2.932804215396376049e-02 9.990787462775991834e-01 -3.132929427543084538e-02 3.474739451531080547e+00 -8.667139536687797421e-03 3.108742372632040604e-02 9.994790907159150084e-01 2.213254281171079807e+00
9.996362228197487321e-01 2.655632547963230131e-02 4.709947312400014630e-03 9.336142959128831365e+01 -2.638815698319985428e-02 9.991150480869001038e-01 -3.275340985823331497e-02 3.527256028827548739e+00 -5.575589448278347321e-03 3.261720808608925548e-02 9.994523653176138334e-01 2.221505126004269304e+00
9.997374151560503019e-01 2.280796776284520905e-02 2.212994267592738578e-03 9.424814250112778780e+01 -2.272056313490185969e-02 9.991743053178735456e-01 -3.368209618444320541e-02 3.583382458811917637e+00 -2.979387173954242945e-03 3.362297130049869687e-02 9.994301471603674880e-01 2.229388730059616464e+00
9.998585555795984625e-01 1.639239481436956594e-02 -3.762741889692193184e-03 9.516041435389865910e+01 -1.651443330176658938e-02 9.992476996824259938e-01 -3.509000102737439009e-02 3.635381417137475424e+00 3.184702026896275330e-03 3.514717729248627298e-02 9.993770727815252108e-01 2.235812663885750062e+00
9.999086715136925596e-01 1.161309575008385823e-02 -6.912643403328789203e-03 9.597380187639821258e+01 -1.185284842456768746e-02 9.992916663731410409e-01 -3.571659980198130940e-02 3.689699527200478446e+00 6.492966652187892422e-03 3.579527237345809382e-02 9.993380508415373731e-01 2.242481354448335296e+00
9.999410127648975521e-01 7.515234597291047328e-03 -7.841698773770914774e-03 9.684702716396627409e+01 -7.785299195993680352e-03 9.993570881238329484e-01 -3.499713606971732033e-02 3.758390263473100568e+00 7.573645564702692103e-03 3.505612165658273521e-02 9.993566471621926350e-01 2.251194592341934531e+00
9.999727664787148029e-01 4.711459603434061706e-03 -5.680532484831680301e-03 9.764758865000074195e+01 -4.903893741561397672e-03 9.993977624772886204e-01 -3.435206226066556123e-02 3.823200608889956609e+00 5.515263101384556416e-03 3.437898346074788614e-02 9.993936498543145586e-01 2.261839953216914445e+00
9.999938347748312806e-01 4.715538934884779638e-04 -3.479662232654960954e-03 9.849561360074685012e+01 -5.903482449416123283e-04 9.994142198247132347e-01 -3.421795875136243031e-02 3.888659322701980781e+00 3.461488303825943982e-03 3.421980200243394249e-02 9.994083365920243267e-01 2.271802274688715428e+00
9.999922454348211254e-01 -3.324539064901460561e-03 -2.111044819681799287e-03 9.923499593586375056e+01 3.251816462930308925e-03 9.994312501823494621e-01 -3.356489011806407935e-02 3.948165727491049992e+00 2.221431951732182053e-03 3.355776510663730644e-02 9.994343108184409186e-01 2.279465153674043343e+00
9.999720939439007417e-01 -7.133764571949450378e-03 -2.218273311109772265e-03 9.993124411339810820e+01 7.058674857676064743e-03 9.994567668048701670e-01 -3.219233444795881194e-02 4.009735317520824793e+00 2.446720806384502893e-03 3.217577801681915928e-02 9.994792308328913633e-01 2.284888474477061227e+00
9.999477741284512611e-01 -9.660543574737567168e-03 -3.335103206292822520e-03 1.006686293733365716e+02 9.556273028394735025e-03 9.995048202354280820e-01 -2.997985943849185847e-02 4.088973467960868469e+00 3.623073469142364372e-03 2.994642255738656084e-02 9.995449390170768611e-01 2.290090943592022033e+00
9.999431294194909281e-01 -9.716291401956751034e-03 -4.396772469420422852e-03 1.013329136686165128e+02 9.590439581524643625e-03 9.995677088620822381e-01 -2.779242466646493839e-02 4.172515158406525870e+00 4.664911080472754212e-03 2.774867711441870652e-02 9.996040463718678382e-01 2.297315565336323751e+00
9.999191359952197544e-01 -1.090431897800363086e-02 -6.543492813461400381e-03 1.020252962961795902e+02 1.073862250676320233e-02 9.996336484683956414e-01 -2.484453333073292219e-02 4.260752482397785812e+00 6.812008311145098874e-03 2.477225620307141329e-02 9.996699114534651764e-01 2.305230077015711476e+00
9.999014857790239352e-01 -1.191573788917187245e-02 -7.418485523125450780e-03 1.026274093519176773e+02 1.174532082415484686e-02 9.996754416871166393e-01 -2.260660802521927831e-02 4.339366556730277935e+00 7.685452207771678070e-03 2.251724846034230954e-02 9.997169136041148541e-01 2.315493320932608068e+00
9.998603679145899870e-01 -1.452040855768365821e-02 -8.270574890459922099e-03 1.031846429047374301e+02 1.434056212202508562e-02 9.996680398296623471e-01 -2.140463550600853540e-02 4.402298695774005566e+00 8.578633441586039007e-03 2.128304203911389123e-02 9.997366849175017833e-01 2.327600711466724537e+00
9.998618468759592481e-01 -1.553239756469579173e-02 -5.918765723365953385e-03 1.037886222781660450e+02 1.541273927493272931e-02 9.996860891637403546e-01 -1.975273653318083966e-02 4.468874940703448040e+00 6.223715115492162164e-03 1.965878323799678112e-02 9.997873762014415355e-01 2.346430680716909301e+00
9.999016482194603705e-01 -1.399472530514292608e-02 -9.173612376109916474e-04 1.043343820239840198e+02 1.397711719019401229e-02 9.997578202502760414e-01 -1.699826589592353526e-02 4.528228319491483411e+00 1.155025133173289515e-03 1.698377202068275527e-02 9.998550982041805035e-01 2.369366522903963546e+00
9.999346773691988322e-01 -1.062117010754732617e-02 4.222764509523766439e-03 1.049082899935224020e+02 1.068357464005203518e-02 9.998298011348176750e-01 -1.504094397374636932e-02 4.583746551214495923e+00 -4.062293375273065034e-03 1.508507567954113157e-02 9.998779616854627239e-01 2.392908315644433959e+00
9.999239189898198044e-01 -6.221044225456310098e-03 1.065151823851355310e-02 1.054301323392552661e+02 6.385053334915605575e-03 9.998605080425493341e-01 -1.543358515723277508e-02 4.620940293279102384e+00 -1.055401942156415120e-02 1.550042146653404437e-02 9.998241593442365183e-01 2.417598418816989003e+00
9.998508548088593795e-01 5.224915785895184548e-04 1.726253575068585275e-02 1.059759603103651386e+02 -2.302110649014177586e-04 9.998566652669559351e-01 -1.692914422255908935e-02 4.648866919854808266e+00 -1.726890676502137664e-02 1.692264529537010342e-02 9.997076617368441109e-01 2.441380998635817701e+00
9.997313274087177293e-01 8.399456226859877694e-03 2.160375274566032552e-02 1.064487481390201538e+02 -7.992824465657008548e-03 9.997905580117588675e-01 -1.884024595371212168e-02 4.660333961701856431e+00 -2.175747583392329335e-02 1.866250909251582907e-02 9.995890770710269546e-01 2.462150143038969841e+00
9.995717853230292604e-01 1.917250153318200007e-02 2.210568187349573610e-02 1.069145557712431582e+02 -1.869767091753738592e-02 9.995942003940264664e-01 -2.149026851592240883e-02 4.660389627299700521e+00 -2.250873360257171080e-02 2.106774130245345211e-02 9.995246406107363146e-01 2.476400127671670059e+00
9.992645836174572915e-01 3.139104566071536373e-02 2.202031289869775879e-02 1.073261152402924239e+02 -3.088185191738000018e-02 9.992561928790278936e-01 -2.309485256640190706e-02 4.651955195364208429e+00 -2.272890560459708484e-02 2.239784019136021112e-02 9.994907371280533637e-01 2.489067947435481987e+00
9.986821072163167834e-01 4.651421719475466732e-02 2.169046621758644391e-02 1.077445503979572550e+02 -4.596936720195790582e-02 9.986305776069744899e-01 -2.497572316094020389e-02 4.638620360978709556e+00 -2.282248901913695380e-02 2.394571082928123595e-02 9.994527187055182171e-01 2.504115773343877915e+00
9.975783052324588285e-01 6.672342981141177187e-02 1.963437912786227674e-02 1.082002388189162758e+02 -6.619587294253762022e-02 9.974575131466095756e-01 -2.639348163385058302e-02 4.615924017309859018e+00 -2.134552259633022003e-02 2.502984981142710938e-02 9.994587911882644171e-01 2.518253136323959307e+00
9.959504572930650834e-01 8.808498445282086919e-02 1.799227977998617972e-02 1.086187912101929811e+02 -8.754539975930583640e-02 9.957426494959155105e-01 -2.885097842080917158e-02 4.584161149511553290e+00 -2.045701832424087069e-02 2.715900382563707360e-02 9.994217822883795233e-01 2.531520351662707391e+00
9.931135481108077645e-01 1.162206051167195553e-01 1.477333764137959277e-02 1.090405621751444585e+02 -1.157122572512488123e-01 9.927812950849826956e-01 -3.155905022660941001e-02 4.543431383264476153e+00 -1.833450519058204414e-02 2.963226409993638399e-02 9.993927030170515202e-01 2.540065400096866099e+00
9.893463544411909005e-01 1.450843962388834174e-01 1.201286485082522781e-02 1.094036836327354223e+02 -1.445988207963185834e-01 9.888896238426720942e-01 -3.447452509626137279e-02 4.493649168552519058e+00 -1.688111306281873253e-02 3.237019963326265987e-02 9.993333769055565696e-01 2.546211036952993556e+00
9.835133609863963011e-01 1.807127153014616294e-01 6.662078475634630736e-03 1.097704473246688508e+02 -1.803375889702268087e-01 9.828715892597789106e-01 -3.797094982169976762e-02 4.421795506643785068e+00 -1.340980110397528915e-02 3.614351330915935301e-02 9.992566355446544923e-01 2.548902867251080728e+00
9.761545248948084730e-01 2.170735782462956398e-01 1.185392230194828866e-03 1.100835673981178076e+02 -2.168331048658156401e-01 9.753027534210347849e-01 -4.204692383038097225e-02 4.338981218157877073e+00 -1.028339251610315731e-02 4.078726267717679155e-02 9.991149338497858912e-01 2.549672535154667852e+00
9.654165565286879636e-01 2.606552716650349932e-01 -5.449929680022679718e-03 1.104017105883031036e+02 -2.606164016606147271e-01 9.642840330630910728e-01 -4.727996155933744671e-02 4.229076711149888368e+00 -7.068491052799000945e-03 4.706519874393519376e-02 9.988668096905763960e-01 2.550288637755493859e+00
9.530545292737653273e-01 3.025425221676722454e-01 -1.245337348610766302e-02 1.106667950303457388e+02 -3.027788877693234348e-01 9.517150937000987687e-01 -5.062929531983599574e-02 4.114390407845294639e+00 -3.465451187421831128e-03 5.202309779160842196e-02 9.986398689939390838e-01 2.550871396123297608e+00
9.388205235786800662e-01 3.439926611756998764e-01 -1.688412167431508487e-02 1.109368254436453469e+02 -3.444038565013461395e-01 9.374820473689118305e-01 -5.013376594664863128e-02 3.994738939240668252e+00 -1.417086607484614388e-03 5.288156501327574699e-02 9.985997856735666645e-01 2.553838713041854724e+00
9.209027908655715855e-01 3.893633785221496946e-01 -1.828139058765955449e-02 1.112441614682628312e+02 -3.897893611391671231e-01 9.196998076592338700e-01 -4.707990796813823348e-02 3.856329523100358259e+00 -1.517800619772356405e-03 5.048191019945216101e-02 9.987238221970542451e-01 2.560298618977334684e+00
9.029970092200692022e-01 4.292954870449308125e-01 -1.737199304816588324e-02 1.115280500344329937e+02 -4.296329329243242512e-01 9.019041454436514949e-01 -4.454722638278998947e-02 3.723197455954628143e+00 -3.456050701741519501e-03 4.768959251673321464e-02 9.988562251290896699e-01 2.568158429307977997e+00
8.795459969734358285e-01 4.754595541448555229e-01 -1.835896457809275961e-02 1.118058950454600762e+02 -4.757873770414577930e-01 8.784349397184356700e-01 -4.447952933516288038e-02 3.546125341403032483e+00 -5.021061243819756326e-03 4.785675557581282186e-02 9.988415889868333952e-01 2.573112725830334568e+00
