1.000000000000000222e+00 9.737490761635436698e-17 1.101549407245272505e-15 4.440892098500626162e-16 -6.318188160159277089e-17 1.000000000000000444e+00 1.990421716335788460e-14 1.407207683712385915e-14 -1.112825109839121751e-15 -1.985737962950651081e-14 1.000000000000001110e+00 -2.109423746787797427e-15
9.999770821304723167e-01 -6.769529169928752317e-03 9.321290362212473210e-05 5.462905530326068321e-02 6.769509274396626891e-03 9.999770641098781887e-01 2.121281972280714254e-04 3.098815836921296751e-02 -9.464677372010659427e-05 -2.114923300860780731e-04 9.999999731564913619e-01 -6.765657580892999075e-03
9.998995869912354895e-01 -1.416920588393698506e-02 2.225744309473490007e-04 1.013218373957693319e-01 1.416908485313180845e-02 9.998994696798308990e-01 5.362540618382081710e-04 6.549487288175695476e-02 -2.301503496768411770e-04 -5.330465389561097949e-04 9.999998314460896154e-01 -6.951749695271808999e-03
9.997633760046230611e-01 -2.175257840642428470e-02 1.316530007104935076e-04 1.615819076122671782e-01 2.175240955730203124e-02 9.997627026052238186e-01 1.170964538898588547e-03 8.265380757730528272e-02 -1.570932577399558377e-04 -1.167823690599971214e-03 9.999993057545286668e-01 4.620404327914455836e-03
9.995091396673060347e-01 -3.132837477325597919e-02 -1.124970622683379507e-04 1.711912344406598396e-01 3.132850435407086298e-02 9.995081057477478437e-01 1.439221833358754693e-03 9.916861997982881483e-02 6.735324463269873200e-05 -1.442039741155813582e-03 9.999989579919202898e-01 2.720731658950670609e-03
9.990623493124011212e-01 -4.328806284784580266e-02 -7.521976255079643485e-04 1.648964893986717695e-01 4.328960324122713837e-02 9.990602112923554490e-01 2.168977568103720201e-03 1.026130949588310720e-01 6.575998813899523732e-04 -2.199506161562758775e-03 9.999973648640492208e-01 -1.583563964532880980e-02
9.983471399151265802e-01 -5.746289424997310519e-02 -1.002001848317434288e-03 2.008867643553956805e-01 5.746498282252875123e-02 9.983451035052569589e-01 2.197738902428357163e-03 1.265399955714975877e-01 8.740552008316345182e-04 -2.251686366521195911e-03 9.999970829637521152e-01 -1.426008075826800531e-02
9.972882080673700633e-01 -7.358863719917127511e-02 -9.708372381919297238e-04 2.987858456524625783e-01 7.359078380975085654e-02 9.972856338503345297e-01 2.400219573463723000e-03 1.392236348553294589e-01 7.915731430657799855e-04 -2.465155350698011120e-03 9.999966482049106320e-01 -2.363056979000876731e-02
9.957650076328028454e-01 -9.193102248847830060e-02 -8.582996369731735100e-04 4.153686921828070866e-01 9.193247485132771679e-02 9.957635393032132631e-01 1.842243752829600444e-03 1.499001734200539337e-01 6.853041324244439928e-04 -1.913347474388696866e-03 9.999979347277105912e-01 -4.117883133834933373e-02
9.937010313582581578e-01 -1.120614929526302928e-01 -6.943160390357731469e-04 5.331663052846131734e-01 1.120626383281689009e-01 9.936992889505240623e-01 1.920476542279579485e-03 1.457797576917913562e-01 4.747298857884516086e-04 -1.986186407930376138e-03 9.999979148453692623e-01 -1.042914708769163840e-02
9.909637859027897733e-01 -1.341277842285242827e-01 -7.159100203872864176e-04 6.480282236290912934e-01 1.341291488208796456e-01 9.909608657868994586e-01 2.435962943626213476e-03 1.750527136242404080e-01 3.827085015371394514e-04 -2.509975462601540634e-03 9.999967767734947444e-01 -1.761701870479992493e-02
9.874227680485556657e-01 -1.580947578580003121e-01 -1.524689197753998802e-03 7.509493736054251301e-01 1.581007214763817392e-01 9.874085956691742716e-01 5.331703974979582449e-03 2.165880813719898712e-01 6.625767706913050521e-04 -5.505700359581878686e-03 9.999846240095775496e-01 -2.132719446311595601e-02
9.829672871347837626e-01 -1.837538896986958548e-01 -3.133758683010742091e-03 8.610452653229985209e-01 1.837758138718034173e-01 9.829219107402641376e-01 9.537694819254774470e-03 2.442035875818623081e-01 1.327651550706650425e-03 -9.951151054450393940e-03 9.999496046971835250e-01 7.366836349133473738e-03
9.774588973697263539e-01 -2.110914177540126613e-01 -3.810157918067389252e-03 9.503773036177903810e-01 2.111218203693978057e-01 9.773921069603583867e-01 1.149983545552814984e-02 2.971578261455501413e-01 1.296501705146284279e-03 -1.204502395985100269e-02 9.999266155479301643e-01 2.364012369954955270e-02
9.707081009604048294e-01 -2.402359154635194671e-01 -3.533787097397858915e-03 1.059334083645130598e+00 2.402613690578572214e-01 9.706319873340520932e-01 1.216633479699974658e-02 3.646012028305076202e-01 5.072162153698215898e-04 -1.265899227242384302e-02 9.999197431025943494e-01 3.329888867159838672e-02
9.625160793618129373e-01 -2.712039533423573068e-01 -3.348531236481465129e-03 1.169139100477818882e+00 2.712245175333258262e-01 9.624313739109616739e-01 1.277151520662886397e-02 4.492980957339297032e-01 -2.409538956991375490e-04 -1.320099251325406418e-02 9.999128340699935391e-01 3.221238391095335163e-02
9.529861190615787070e-01 -3.029967694646045206e-01 -3.227161285892987761e-03 1.316504297080048014e+00 3.030123338969270552e-01 9.528921359374545874e-01 1.342023751257109300e-02 5.608514854586742482e-01 -9.911520010274952816e-04 -1.376716973708988837e-02 9.999047367900326666e-01 4.426834828865547355e-02
9.416403270839407424e-01 -3.366047392635114210e-01 -3.277791115087812495e-03 1.466512295509384556e+00 3.366141567407422430e-01 9.415166831511213585e-01 1.540275396906690998e-02 6.785143400949933401e-01 -2.098544964958077783e-03 -1.560720517760310309e-02 9.998759979395344111e-01 7.115875432327176120e-02
9.289839113976304796e-01 -3.701010231624001778e-01 -3.758326556643244287e-03 1.563245393288013485e+00 3.701107138620925996e-01 9.288401083685423609e-01 1.655634532161075895e-02 7.853976593350323609e-01 -2.636635897201258186e-03 -1.677157536012580455e-02 9.998558708189347888e-01 6.732004871432356596e-02
9.152925452308420251e-01 -4.027693921192913584e-01 -4.046407877013468053e-03 1.675108490433429242e+00 4.027761194737881079e-01 9.151329116608689640e-01 1.741124856921976230e-02 9.124592024940841872e-01 -3.309716980003687015e-03 -1.756618248107953695e-02 9.998402247392133013e-01 9.763464559195837722e-02
8.995497062019814916e-01 -4.367968473381170780e-01 -4.340533079527680166e-03 1.776885673085494499e+00 4.368054428657083821e-01 8.994020130969624383e-01 1.664403556911061427e-02 1.009017498223978793e+00 -3.366178073929809809e-03 -1.686810578028499416e-02 9.998520569827150650e-01 8.449521356598398147e-02
8.812789068791608837e-01 -4.725804331582855178e-01 -3.901600415535174705e-03 1.913263555649825420e+00 4.725916283591543587e-01 8.812020847555737113e-01 1.183379175396228819e-02 1.117162931742363252e+00 -2.154320012939591172e-03 -1.227273475475189682e-02 9.999223664299790038e-01 9.688353073400587934e-02
8.602723320430832876e-01 -5.098229192300985924e-01 -3.479331668651205155e-03 2.110316030891203454e+00 5.098323579984784804e-01 8.602271070833710231e-01 8.960523237420560394e-03 1.288134560132519368e+00 -1.575264698823446424e-03 -9.482366090669103187e-03 9.999538005700360221e-01 1.099385261443122375e-01
8.357927825701559899e-01 -5.490379728365598622e-01 -2.780105602914343613e-03 2.337711977554234100e+00 5.490397489595253422e-01 8.357518874319641577e-01 8.610268077980189061e-03 1.433768069844678195e+00 -2.403885626217684614e-03 -8.722788397874953886e-03 9.999590663104530597e-01 1.245597055319297430e-01
8.075100707110905995e-01 -5.898450302156241776e-01 -3.213414088573307049e-03 2.509515299318486381e+00 5.898381776878408589e-01 8.074370958243760610e-01 1.167306423296486997e-02 1.613285460917794900e+00 -4.290669185843257009e-03 -1.132151123433693465e-02 9.999267040845130072e-01 1.303542854312473853e-01
7.753740740379185814e-01 -6.314888663811364378e-01 -4.105721192911056597e-03 2.626038293918886879e+00 6.314820647889970440e-01 7.752810133153086314e-01 1.302890028420232438e-02 1.847643132060176274e+00 -5.044517783833497339e-03 -1.269496078994302411e-02 9.999066910521599016e-01 1.662941382280758440e-01
7.399903523670702254e-01 -6.726036210692628581e-01 -4.318255224160297105e-03 2.709575574771492690e+00 6.725962271183776320e-01 7.399006779449960325e-01 1.270047411170875662e-02 2.013805249417406351e+00 -5.347304908935934971e-03 -1.230267048465651450e-02 9.999100212664970844e-01 1.775379020062834157e-01
7.007986434533817199e-01 -7.133548926933661605e-01 -2.461382607947225354e-03 2.917548376764607543e+00 7.133413324709230174e-01 7.007525996012818892e-01 9.483540512738286229e-03 2.263949999466034591e+00 -5.040309763685113173e-03 -8.401858275735866327e-03 9.999520008755478084e-01 1.887743081826777636e-01
6.583586037598466723e-01 -7.527038959581953126e-01 -8.909908788802848797e-04 3.140566506532116886e+00 7.526921058949522791e-01 6.583405971305219540e-01 6.500145633257695989e-03 2.533776225456491726e+00 -4.306109475208712463e-03 -4.950068604304660308e-03 9.999784768893840159e-01 2.033733710194320921e-01
6.142583032887227734e-01 -7.891050206164489378e-01 -5.726062953455854712e-05 3.346704494400005281e+00 7.890914807996386449e-01 6.142473352204148584e-01 5.903058872840103236e-03 2.730276310473679580e+00 -4.622961204447840686e-03 -3.671186802395020980e-03 9.999825751567753551e-01 2.088724999756457201e-01
5.677445928488592530e-01 -8.232040584724147347e-01 1.074897871415479711e-03 3.594801639254851633e+00 8.231824773742673074e-01 5.677383482406914705e-01 6.616409970522000618e-03 2.988072838870057257e+00 -6.056916282295806385e-03 -2.871593892118921246e-03 9.999775336044695040e-01 2.266586198683711029e-01
5.178322318953852976e-01 -8.554809419320158481e-01 1.462053816061953957e-03 3.782920007530866435e+00 8.554562768336987366e-01 5.178290917718642028e-01 6.898560759738212207e-03 3.259758978654152095e+00 -6.658681256408914562e-03 -2.321574001062200535e-03 9.999751358199334694e-01 2.298921307570197525e-01
4.655521245499117944e-01 -8.850188348406120564e-01 1.697440554089805001e-03 3.899257774906974117e+00 8.849931327386357793e-01 4.655519646307542669e-01 6.965862035940130828e-03 3.535268328415996475e+00 -6.955165887508482636e-03 -1.740748636551866634e-03 9.999742974005247920e-01 2.203337683236982203e-01
4.114694180258994805e-01 -9.114210001183614684e-01 2.163000850422544443e-03 4.051191018430374768e+00 9.113873232329654517e-01 4.114730611355836842e-01 7.941474042384148724e-03 3.911709945376831143e+00 -8.128042795285873867e-03 -1.296342147270276293e-03 9.999661266349808564e-01 2.061577585911535393e-01
3.568600263239667947e-01 -9.341558825037211689e-01 1.925823397336627260e-03 4.124391555683557087e+00 9.341222322301740988e-01 3.568636617005011558e-01 7.998888112162486769e-03 4.242736748808793479e+00 -8.159464772827583132e-03 -1.055528971467503468e-03 9.999661539238333674e-01 1.893294901797952512e-01
3.014935117996766500e-01 -9.534648003505002967e-01 2.556723544978656715e-03 4.277608173854602569e+00 9.534204818426338379e-01 3.015041653283611622e-01 9.199081074353736287e-03 4.667644734467958578e+00 -9.541862798370763510e-03 -3.358306642448201872e-04 9.999544189972436881e-01 2.173172769516236169e-01
2.479380841405313396e-01 -9.687618407143584465e-01 5.215592819261546421e-03 4.337923552621198553e+00 9.687146594901924201e-01 2.479793468553780911e-01 9.907170230919443155e-03 5.065932436851445786e+00 -1.089104776995995609e-02 2.596056415642237006e-03 9.999373208204457297e-01 2.202312564406635753e-01
1.969498911836649324e-01 -9.803946358240701597e-01 6.090846422070089403e-03 4.427390146727831599e+00 9.803502406885777898e-01 1.970039750304112269e-01 1.014097648492938604e-02 5.425245813709737241e+00 -1.114207990429022695e-02 3.973898540670689657e-03 9.999300286449077646e-01 2.595539765678164246e-01
1.489290158828615873e-01 -9.888385574520845989e-01 4.295989321330251527e-03 4.472284934938132395e+00 9.887911337149708491e-01 1.489656085930619045e-01 1.006684375384876706e-02 5.874484197861452373e+00 -1.059443791941245411e-02 2.748591018158334093e-03 9.999400997722803774e-01 2.547166007782616370e-01
1.067588484788513092e-01 -9.942826128868347269e-01 2.152668670395146457e-03 4.499738283065695121e+00 9.942279163408739295e-01 1.067756629577585326e-01 1.047893927923150385e-02 6.263552273110700952e+00 -1.064887975124648167e-02 1.021523796008694165e-03 9.999427772873746845e-01 2.467459405150937424e-01
6.707243248328462193e-02 -9.977427488217176510e-01 3.270470067638931496e-03 4.493044806700873472e+00 9.976932506970962455e-01 6.710275670195864350e-02 1.026633120743528256e-02 6.743655030625007818e+00 -1.046261507647034718e-02 2.574338106328510033e-03 9.999419515497308675e-01 2.181571007730619405e-01
2.962611485556600199e-02 -9.995549406630740430e-01 3.494841142195594108e-03 4.459464525171489058e+00 9.995106201517908184e-01 2.965956017977973078e-02 9.941362770143732236e-03 7.235870539619652320e+00 -1.004059372499669332e-02 3.198606882118804756e-03 9.999444761543883065e-01 2.144181907753756056e-01
-2.040872337405433452e-03 -9.999912677906349634e-01 3.646804434758344361e-03 4.425618827153625645e+00 9.999620140191690654e-01 -2.009883056709121409e-03 8.481207981612505845e-03 7.741543227304683583e+00 -8.473804271484064107e-03 3.663974970072435972e-03 9.999573840562381299e-01 2.210631017554617883e-01
-2.854397946640643835e-02 -9.995854322719175400e-01 3.768929024227389915e-03 4.376483550852426241e+00 9.995666259987506796e-01 -2.851588834232599359e-02 7.307824677992884148e-03 8.220858053160053913e+00 -7.197320730493759339e-03 3.975890065928459026e-03 9.999661948648533860e-01 2.293329324648639977e-01
-5.031843846988496433e-02 -9.987265153535982432e-01 3.660912402084459585e-03 4.313922335471270131e+00 9.987193501421345321e-01 -5.029807977879717507e-02 5.455531343679379669e-03 8.738839553614214495e+00 -5.264446944211883042e-03 3.930737873374525598e-03 9.999784172161673146e-01 2.628859574001521926e-01
-6.693427714924610195e-02 -9.977490998358792273e-01 4.066487330124152547e-03 4.250948209134738143e+00 9.977461995823766472e-01 -6.691367094269101701e-02 5.008179300035713044e-03 9.245577304114839023e+00 -4.724802793326635456e-03 4.392541140563012425e-03 9.999791906939379249e-01 2.865913536921614879e-01
-8.041654217929418424e-02 -9.967430665770110609e-01 6.036470374949575238e-03 4.204772303388780941e+00 9.967489636856720070e-01 -8.038388289421245780e-02 5.471266982429314786e-03 9.773578896085810541e+00 -4.968212502413684069e-03 6.456825962616988962e-03 9.999668125808125474e-01 3.076685069493341751e-01
-9.000256098276072925e-02 -9.959238477498001396e-01 5.935360122493843829e-03 4.110830558628209452e+00 9.959277979505710698e-01 -8.996842173879122939e-02 5.788295013451498321e-03 1.034188304350544385e+01 -5.230706059035335545e-03 6.432151511773319570e-03 9.999656329799863075e-01 3.287922001353628665e-01
-9.864314025966572363e-02 -9.950961706512911897e-01 7.289858356253680824e-03 4.116972899991061752e+00 9.951031564054189094e-01 -9.859242597956403842e-02 7.017239588446222073e-03 1.091448175091640671e+01 -6.264103422614900572e-03 7.946363609015259788e-03 9.999488068464879031e-01 3.596420447678256305e-01
-1.083756103654168468e-01 -9.941094923768123426e-01 1.021882696049735209e-03 4.198595534217737679e+00 9.940881631548046382e-01 -1.083663545529940236e-01 6.742186322346746356e-03 1.160563229494811921e+01 -6.591733719866192491e-03 1.746530050157426434e-03 9.999767490693766137e-01 3.675680053774727507e-01
-1.102951285861078906e-01 -9.938939924775018753e-01 3.117102390014064514e-03 4.178328374102209253e+00 9.938742142874129604e-01 -1.102697535467678652e-01 7.391050487974224967e-03 1.220379470842243563e+01 -7.002198565768474880e-03 3.913204552686135561e-03 9.999678275051564480e-01 4.013974988064537563e-01
-1.105894041511369802e-01 -9.938555718278598849e-01 4.591953420839977630e-03 4.171485803491991717e+00 9.938345063890168252e-01 -1.105478130657085861e-01 8.494406211846631735e-03 1.287508773761367031e+01 -7.934582534639371756e-03 5.503033082947660082e-03 9.999533784266633196e-01 4.333791994251551816e-01
-1.093737263026997308e-01 -9.939905824635412168e-01 4.484413948025144092e-03 4.131657991298465227e+00 9.939615742755133487e-01 -1.093282809076852463e-01 9.365674429376929025e-03 1.361260443192554526e+01 -8.819118913404101409e-03 5.481693859160970822e-03 9.999460856336385151e-01 4.596386209335874828e-01
-1.081057441278274189e-01 -9.941320329994606242e-01 3.827407860916084634e-03 4.095695966512399977e+00 9.940992047794060538e-01 -1.080659512614159518e-01 9.408572416799777446e-03 1.431956907858428885e+01 -8.939750752980353196e-03 4.821943833201814376e-03 9.999484135264959939e-01 4.932268832925181257e-01
-1.062874925718647473e-01 -9.943349602222150141e-01 9.776516138140854510e-04 4.020555651479297943e+00 9.943053832535093672e-01 -1.062765833212468425e-01 7.879890269439330727e-03 1.505828490815311937e+01 -7.731348904423568022e-03 1.809618041042044580e-03 9.999684752664341758e-01 5.220377373843468893e-01
-1.056309532679096524e-01 -9.944043087029026395e-01 1.473955501741746124e-03 3.940090161273576808e+00 9.943746404336177847e-01 -1.056159110163654713e-01 8.022082192337170320e-03 1.567441197652751939e+01 -7.821519943714726891e-03 2.313044161229773233e-03 9.999667362730081388e-01 5.603790108566047978e-01
-1.046804282501682393e-01 -9.945042222485255268e-01 1.832995150934386541e-03 3.909174454926714670e+00 9.944657814433908172e-01 -1.046594688859923822e-01 9.176334273090938284e-03 1.635077072886302574e+01 -8.934062880385253841e-03 2.783433556629788790e-03 9.999562165505536671e-01 6.000610080796993095e-01
-1.028335876168961910e-01 -9.946980813454545656e-01 9.900633901910064691e-04 3.875623562265750888e+00 9.946446236309847144e-01 -1.028175926900638526e-01 1.051738158482891719e-02 1.713734119228640651e+01 -1.035982334881719626e-02 2.066301308811233084e-03 9.999442006727653487e-01 5.993783932780227808e-01
-1.012495487756449875e-01 -9.948610491092702013e-01 1.477766467717221872e-04 3.829026532162336682e+00 9.948029790230176195e-01 -1.012420315526221803e-01 1.082053483109653332e-02 1.787097756243753111e+01 -1.074996742605275474e-02 1.242582917598258549e-03 9.999414453797005331e-01 5.986039408731375078e-01
-1.022192603610250772e-01 -9.947583247336402312e-01 -2.664241800777580448e-03 3.683108917525559800e+00 9.947013109685267640e-01 -1.022422264523054208e-01 1.076239227924117962e-02 1.857180779523773140e+01 -1.097837732734287947e-02 -1.550001033471440966e-03 9.999385344750275628e-01 6.220007648810509382e-01
-1.016796966375104749e-01 -9.947916583127893730e-01 -7.127120246035486065e-03 3.612133065094409012e+00 9.947733260263847965e-01 -1.017398797275967937e-01 8.661795392401853977e-03 1.941417557484392375e+01 -9.341794159009136206e-03 -6.209140384303293327e-03 9.999370867497564541e-01 6.231723900820932416e-01
-1.005572934163214416e-01 -9.948936312937204374e-01 -8.654082966213458641e-03 3.541947520446507625e+00 9.948908767843084311e-01 -1.006277847932545710e-01 8.135860062420627661e-03 2.020265512542760789e+01 -8.965156559506163789e-03 -7.791748122529372315e-03 9.999294548262246396e-01 6.074252139240003956e-01
-9.842689342098843996e-02 -9.951181113856274463e-01 -7.217412542150950308e-03 3.507513323823037155e+00 9.950974485144651327e-01 -9.849003659815382117e-02 8.987805677594613851e-03 2.098515444710279354e+01 -9.654771436809244517e-03 -6.297387014053582727e-03 9.999335619456484192e-01 5.882638654943347367e-01
-9.670710060509206396e-02 -9.952802193064587133e-01 -8.063606504033602254e-03 3.452131481679759695e+00 9.952591560118791980e-01 -9.678288467649708016e-02 9.606539867209855019e-03 2.184216875962999538e+01 -1.034161820416925129e-02 -7.096357586211422472e-03 9.999213432275263491e-01 6.180232816193930168e-01
-9.573374274307351606e-02 -9.953843390339094377e-01 -6.713278367329688842e-03 3.375104045283265908e+00 9.953469367090528319e-01 -9.579986499430220848e-02 1.033738124385246912e-02 2.272481994864328669e+01 -1.093279855801283437e-02 -5.692404861560859848e-03 9.999240323357536653e-01 6.387875229207988781e-01
-9.570736864395691657e-02 -9.953841096411846223e-01 -7.111530150639460562e-03 3.170981320922918290e+00 9.953783333289087931e-01 -9.575847545969426444e-02 7.231038445599490862e-03 2.354333706403185644e+01 -7.878650050364956192e-03 -6.386599366570512408e-03 9.999485677883273027e-01 6.598840525981618521e-01
-9.586087362231794640e-02 -9.953784740404040265e-01 -5.690898467724183826e-03 3.072382605144560852e+00 9.953893511188907084e-01 -9.587760439329355566e-02 2.743110446329154184e-03 2.436624132239878548e+01 -3.276062802122106307e-03 -5.401702769244006580e-03 9.999800443107458303e-01 6.766877015646224347e-01
-9.645331167531828731e-02 -9.953239692174545850e-01 -5.191817416201499960e-03 2.969827950944082140e+00 9.953371975732121513e-01 -9.644783684698646220e-02 -1.295335727153765042e-03 2.519389106524365474e+01 7.885391383228778847e-04 -5.292548417969061489e-03 9.999856834661599025e-01 7.049608287049736743e-01
-9.719955730322255016e-02 -9.952438785278820976e-01 -6.470572837311856090e-03 2.937754910746820602e+00 9.952649124991103102e-01 -9.719748437726638546e-02 -6.348061701303278149e-04 2.596869524392336359e+01 2.863552607513327082e-06 -6.501636987456225168e-03 9.999788641307850723e-01 7.398695478772638889e-01
-9.652595921261336587e-02 -9.952866023208961632e-01 -9.344433563253474323e-03 2.894730394141033170e+00 9.953153401900859398e-01 -9.657199823467187139e-02 4.606814437385356974e-03 2.679434642054230054e+01 -5.487511310482489149e-03 -8.855980888410060203e-03 9.999457279383381358e-01 7.562231467980380373e-01
-9.692211113455115323e-02 -9.951734802928751122e-01 -1.535735963618338300e-02 2.806573873285359344e+00 9.952246730400382546e-01 -9.708344969570774363e-02 1.013182942686003188e-02 2.767669659057846943e+01 -1.157387340416020718e-02 -1.430202492497237646e-02 9.998307344433264854e-01 7.782671742221792810e-01
-9.662729088091064067e-02 -9.952372790717999296e-01 -1.288118794143902970e-02 2.778079010692298567e+00 9.951958951666843856e-01 -9.681197715295203343e-02 1.457982589483422693e-02 2.854169902873523412e+01 -1.575743952560470715e-02 -1.141049628645742463e-02 9.998107339262300997e-01 8.298976776114156406e-01
-9.659281110963902073e-02 -9.951187781322188286e-01 -2.021005320587612730e-02 2.739543071125171370e+00 9.951929164473412026e-01 -9.688968759347425797e-02 1.426350206228013846e-02 2.940456034623118953e+01 -1.615202448546727496e-02 -1.873515003104787163e-02 9.996940063131061205e-01 8.704915484822152161e-01
-9.811804219366568325e-02 -9.948950922739636660e-01 -2.359248111730015418e-02 2.628531609156317117e+00 9.950758365497895941e-01 -9.841500870482643160e-02 1.177138803926494962e-02 3.021543341663103632e+01 -1.403315042404452637e-02 -2.232132233576790414e-02 9.996523542003851182e-01 9.201216276642519842e-01
-9.889611066147556417e-02 -9.947770147324743739e-01 -2.526361525963697827e-02 2.521242091229466631e+00 9.950150010439251513e-01 -9.918344216275370995e-02 1.038231661582276165e-02 3.117158166740308900e+01 -1.283382225202163787e-02 -2.411090543098009381e-02 9.996269090244198630e-01 9.551246201411135450e-01
-1.000648198619248086e-01 -9.946254791781988791e-01 -2.659300651573427363e-02 2.376014078303661847e+00 9.948918223813318917e-01 -1.003777875385065271e-01 1.070334189084410845e-02 3.206766986429334310e+01 -1.331516371503525288e-02 -2.538613673680952323e-02 9.995890407946832479e-01 9.756266448589545615e-01
-9.950591969436797801e-02 -9.946878750312729833e-01 -2.635532605670878881e-02 2.303454309271929290e+00 9.949430639240214314e-01 -9.982550463496908666e-02 1.109811577968615286e-02 3.300451541336779115e+01 -1.367009492517701208e-02 -2.511772064004615113e-02 9.995910306793470701e-01 9.954793553654457394e-01
-9.993874714255605862e-02 -9.946566275928595546e-01 -2.589285625769897556e-02 2.188333493266243046e+00 9.949104436788892558e-01 -1.002329722914208077e-01 1.032280602878425310e-02 3.386288438988123772e+01 -1.286296537570932007e-02 -2.472942480594861672e-02 9.996114243397399290e-01 1.031148593656973977e+00
-9.943075728390411705e-02 -9.947109547701978860e-01 -2.576122990304826471e-02 2.085079490638287680e+00 9.949948636208691966e-01 -9.965102036263863428e-02 7.409150341196652292e-03 3.473779256008838701e+01 -9.937095855562787239e-03 -2.489559400483367865e-02 9.996406672025298645e-01 1.060769994821617601e+00
-9.975526085316555047e-02 -9.946590593186264151e-01 -2.649988014140375325e-02 1.985922011474481108e+00 9.949826097360081611e-01 -9.992164266826372709e-02 5.027091545185288432e-03 3.563687265847499930e+01 -7.648153701683630887e-03 -2.586544107236234125e-02 9.996361761676604285e-01 1.087319826347897145e+00
-9.961826932223892539e-02 -9.946456074870881903e-01 -2.750119859006716280e-02 1.898255439216321117e+00 9.949947638105344216e-01 -9.979515870637896413e-02 5.132863566586028624e-03 3.646332900189407411e+01 -7.849866678246549684e-03 -2.685222161045957776e-02 9.996085922938693358e-01 1.109753249057144453e+00
-9.979720905934226505e-02 -9.946227667861851085e-01 -2.767794888655938923e-02 1.818428184805654713e+00 9.949676699128265911e-01 -1.000043875840949253e-01 6.201475000045342766e-03 3.734794838777229131e+01 -8.936044550684561077e-03 -2.691977441457015299e-02 9.995976554860821484e-01 1.143748719151191029e+00
-9.971608900589247482e-02 -9.946012435151185826e-01 -2.872399678933033537e-02 1.765301016758047625e+00 9.949375513004915517e-01 -1.000290109805709593e-01 9.667780222742171012e-03 3.821161609450739860e+01 -1.248881922181590415e-02 -2.761454979595897793e-02 9.995406275054667944e-01 1.171293266388708787e+00
-1.002268721128915102e-01 -9.945489899352268903e-01 -2.875553382030867494e-02 1.664731023137098198e+00 9.948226272149441884e-01 -1.006589408923169449e-01 1.398992493179027422e-02 3.908567994445508020e+01 -1.680816728932699872e-02 -2.720448928508008291e-02 9.994885698571653876e-01 1.171730657949138665e+00
-1.001546585689201269e-01 -9.945199052196682654e-01 -2.998670520098606351e-02 1.612932380884452011e+00 9.947977659772279102e-01 -1.006554460688525304e-01 1.568075200367012936e-02 3.996801350285803522e+01 -1.861314518460343084e-02 -2.826020697992694466e-02 9.994272917665397715e-01 1.180707897907237403e+00
-9.977725580151597384e-02 -9.944752814923917272e-01 -3.261002492107539091e-02 1.513995558635387262e+00 9.948510268597593464e-01 -1.002931990449859728e-01 1.458453226570258568e-02 4.080062976860360635e+01 -1.777452055064067046e-02 -3.098691217203348655e-02 9.993617351556193240e-01 1.194995663925639606e+00
-9.970717383403104872e-02 -9.944570472093683389e-01 -3.337155587714416699e-02 1.448761179651381514e+00 9.948939836265517922e-01 -1.001657682550743667e-01 1.236042934384493086e-02 4.172931945024369327e+01 -1.563460359982118963e-02 -3.196873668917760841e-02 9.993665789112557984e-01 1.214975129567472889e+00
-1.001622349841014836e-01 -9.943779542994790610e-01 -3.435128361763714611e-02 1.326018183445234921e+00 9.948813925382659074e-01 -1.005571462386986026e-01 9.963690152344465908e-03 4.264910866445135440e+01 -1.336194088118773660e-02 -3.317746740664345717e-02 9.993601523937103437e-01 1.240851147762678464e+00
-1.002867413881615016e-01 -9.943538292598168571e-01 -3.468474791736383261e-02 1.181818395840507741e+00 9.948933835301303485e-01 -1.006182806435925725e-01 7.944621343974073852e-03 4.356879912098505514e+01 -1.138968435540129061e-02 -3.371088602624520286e-02 9.993667251082669623e-01 1.265946931996122071e+00
-1.009729163725267415e-01 -9.942426560311685702e-01 -3.586099674191114278e-02 1.077073098281628782e+00 9.948350773324305951e-01 -1.012777007825645115e-01 6.782052283486928596e-03 4.433820910581574992e+01 -1.037492497346791456e-02 -3.499097386890186873e-02 9.993337744114894061e-01 1.288610401546497641e+00
-1.026904540920527270e-01 -9.941312528417807215e-01 -3.402532529760696201e-02 1.001036881626208519e+00 9.946683396359670137e-01 -1.029511573487691400e-01 5.996109270126135336e-03 4.509225058158750699e+01 -9.463866239443520165e-03 -3.322817063560882384e-02 9.994029837418058060e-01 1.313351313664697040e+00
-1.041364919110023129e-01 -9.941063375808094627e-01 -3.013603547494971349e-02 9.188731572135463432e-01 9.945402402882989046e-01 -1.042913500832459983e-01 3.608981173184532942e-03 4.600120711017026309e+01 -6.730638882311486618e-03 -2.959567332384398924e-02 9.995392911840711436e-01 1.349429926339691610e+00
-1.056217722522051206e-01 -9.940457004104410466e-01 -2.678034207821332682e-02 7.960457756496880366e-01 9.943918500482139544e-01 -1.057274865509456874e-01 2.558739008166233293e-03 4.684647019250650857e+01 -5.374921766443956431e-03 -2.635989535530427683e-02 9.996380675688937290e-01 1.380697791921885020e+00
-1.079702094796516076e-01 -9.937794687586797293e-01 -2.729104869080816245e-02 6.898284316855969323e-01 9.941270186960806665e-01 -1.081293095919266117e-01 4.418495854629450256e-03 4.776576526406797285e+01 -7.341972716102625543e-03 -2.665370294907212778e-02 9.996177647259711918e-01 1.403644489558306452e+00
-1.119575987878081574e-01 -9.930856106520076221e-01 -3.530532523013025364e-02 5.618877613533874715e-01 9.936373577100977572e-01 -1.123167227000950036e-01 8.351955747399133351e-03 4.862414904457672549e+01 -1.225958549725341198e-02 -3.414562516410034332e-02 9.993416727253983112e-01 1.393382678704038424e+00
-1.166686071059732099e-01 -9.925996998969288665e-01 -3.367895307882927403e-02 3.567489970628668350e-01 9.930642915988112662e-01 -1.170858369096837021e-01 1.068735451412222356e-02 4.948948440758493206e+01 -1.455159329088629057e-02 -3.219848691620560283e-02 9.993755593234261436e-01 1.402210025438370478e+00
-1.197387054797486999e-01 -9.922082347864124019e-01 -3.443052761828691716e-02 2.367871770091912742e-01 9.927044319710851550e-01 -1.201491903061729649e-01 1.010360399737592757e-02 5.032701894504028672e+01 -1.416167910236858923e-02 -3.296954489844949876e-02 9.993560206223798259e-01 1.388559007191881634e+00
-1.280814960468114883e-01 -9.910331479004632627e-01 -3.805824658228216389e-02 1.346682487727471345e-02 9.916901752157671890e-01 -1.284447658073102350e-01 7.248345826923002083e-03 5.122620761165796210e+01 -1.207173355122455327e-02 -3.681361024421027361e-02 9.992492338500267302e-01 1.383306409009143589e+00
-1.320342015966253224e-01 -9.903692650360317318e-01 -4.166159479354258899e-02 -1.284184271881415040e-01 9.911966178759884505e-01 -1.323270193406164419e-01 4.338739866720837772e-03 5.204507096151192513e+01 -9.809909272992635779e-03 -4.072196980044019698e-02 9.991223583003425723e-01 1.397328029020928009e+00
-1.353216144389908782e-01 -9.901448622811070965e-01 -3.607232129988525993e-02 -2.144287337323094178e-01 9.907672150763107144e-01 -1.355310588974973363e-01 3.414323367222073420e-03 5.289683883257774966e+01 -8.269594642885217187e-03 -3.527724156535490263e-02 9.993433494210046675e-01 1.469046163141003225e+00
-1.387800625317070768e-01 -9.896133116800570617e-01 -3.749116681749979640e-02 -3.228085856790762764e-01 9.902866589836533118e-01 -1.390007883824544155e-01 3.333746848667791269e-03 5.370271594858025566e+01 -8.510422004223420350e-03 -3.666434473297645186e-02 9.992913982130662287e-01 1.484054117397087369e+00
-1.425823819786459223e-01 -9.890107761590294366e-01 -3.908898809921897144e-02 -4.485548495100085131e-01 9.897397547089494818e-01 -1.428338362953022744e-01 3.703128115176607376e-03 5.444675927605626242e+01 -9.245663738519753483e-03 -3.815992466570677921e-02 9.992288716062782683e-01 1.507513915699034479e+00
-1.448277073355928035e-01 -9.885621995475695201e-01 -4.206795471139183201e-02 -6.108911022951388770e-01 9.894131642809510518e-01 -1.450900525757724269e-01 3.235272958847516984e-03 5.520283838366563600e+01 -9.301910313165878685e-03 -4.115403102058980134e-02 9.991095136146481703e-01 1.536138540892761917e+00
-1.479512332625457505e-01 -9.881051711711028585e-01 -4.193570413178396294e-02 -7.496612469642258691e-01 9.889512712339929568e-01 -1.482088563237602408e-01 3.085130771205698858e-03 5.599206847638263440e+01 -9.263676417270473584e-03 -4.101591900884300063e-02 9.991155482160760659e-01 1.573889271031248427e+00
-1.471528954080473517e-01 -9.886983061617933277e-01 -2.866504431953263016e-02 -8.634970125386672857e-01 9.890665325268870323e-01 -1.473672556560243208e-01 5.503289530407159784e-03 5.685683594143948483e+01 -9.665381951659066453e-03 -2.754181100118074585e-02 9.995739237487730744e-01 1.637453421676712040e+00
-1.450878189825111075e-01 -9.890384991940525117e-01 -2.742939836903092801e-02 -1.055587825870002661e+00 9.893601304221165682e-01 -1.453253078771063189e-01 6.862012937906685275e-03 5.772806776916838345e+01 -1.077298074042035494e-02 -2.614195865679348751e-02 9.996001905179732194e-01 1.670076721106281248e+00
-1.453206084849370527e-01 -9.890205977772583701e-01 -2.683613090393996425e-02 -1.207988161762366452e+00 9.892976191403257680e-01 -1.456140611763400983e-01 9.314824261352341872e-03 5.852663630650841498e+01 -1.312027106633512769e-02 -2.519528448061537917e-02 9.995964466358915335e-01 1.694566896172474246e+00
-1.450836893477389089e-01 -9.890784025661595313e-01 -2.597376873764408595e-02 -1.419451272071563075e+00 9.893207491588769109e-01 -1.453899024532950557e-01 1.030686898840602050e-02 5.940733762110325955e+01 -1.397062521762156354e-02 -2.420102976754331600e-02 9.996094896454497114e-01 1.731902104295433009e+00
-1.462196223982910603e-01 -9.889101077972090037e-01 -2.601193422696222723e-02 -1.506498405007698382e+00 9.891508116504071912e-01 -1.465304563520705150e-01 1.046408966890508170e-02 6.023747899890189927e+01 -1.415958463535312538e-02 -2.419967061306710007e-02 9.996068637745496588e-01 1.765623191909288403e+00
-1.495737161739994492e-01 -9.884733936364674678e-01 -2.341054255498225753e-02 -1.769528269058847858e+00 9.886673245572004110e-01 -1.498264401585480965e-01 9.431817551617795170e-03 6.104635213930404802e+01 -1.283061895660055768e-02 -2.173448647279588308e-02 9.996814429181770656e-01 1.804880507165278480e+00
-1.520099636493233430e-01 -9.880879599185101725e-01 -2.398237718452443656e-02 -1.946342951646813368e+00 9.883199456427034235e-01 -1.522212890569303589e-01 7.236311398249256101e-03 6.186715137041210966e+01 -1.080074053650871904e-02 -2.260227028278869593e-02 9.996861914530678073e-01 1.837030633608643937e+00
-1.523096806413827553e-01 -9.880114942948923229e-01 -2.520016516031954243e-02 -2.058662846430500792e+00 9.882961174814478555e-01 -1.524742441511789670e-01 4.731705995260840000e-03 6.268457461076535253e+01 -8.517356046246087053e-03 -2.418454075880768078e-02 9.996712272713869085e-01 1.874074395549072181e+00
-1.522288060521143349e-01 -9.880188566048100363e-01 -2.539940159304148251e-02 -2.257379995735812273e+00 9.883236059443524235e-01 -1.523453819363406181e-01 2.708234817394906003e-03 6.346135241788977766e+01 -6.545268604345986369e-03 -2.469055681850244183e-02 9.996737147004027824e-01 1.918617578341805574e+00
-1.509585180881056476e-01 -9.881925392706649713e-01 -2.621127899305584694e-02 -2.373887476293920606e+00 9.885251255886713384e-01 -1.510490921974747824e-01 1.499275233215495960e-03 6.421325874940266942e+01 -5.440762497012400015e-03 -2.568417949103746212e-02 9.996553011050051119e-01 1.951643606014883847e+00
-1.474758670344539502e-01 -9.886679949436483206e-01 -2.804397290962677355e-02 -2.535205424888172576e+00 9.890485606954815267e-01 -1.475807246381716786e-01 1.695376498840685513e-03 6.492898748893735217e+01 -5.814914327519114280e-03 -2.748682392333266084e-02 9.996052527282897060e-01 1.974819438731089116e+00
-1.439723104594052006e-01 -9.891501217339999652e-01 -2.922345795086074213e-02 -2.693577356965839442e+00 9.895635427254150240e-01 -1.440858500027833444e-01 1.806304986723814097e-03 6.565607042173465402e+01 -5.997393576376693937e-03 -2.865841067820761034e-02 9.995712714797795329e-01 1.998290904182457028e+00
-1.410713235321665593e-01 -9.895072250863384822e-01 -3.121431048141334527e-02 -2.792145570582188263e+00 9.899748714994308640e-01 -1.412197929601508306e-01 2.593043767574541858e-03 6.633887079246059670e+01 -6.973914006558902187e-03 -3.053557889151163260e-02 9.995093511044320644e-01 1.992259784032001102e+00
-1.355921903832079389e-01 -9.903114462457441869e-01 -2.996660377420577032e-02 -2.925603100836192461e+00 9.907354843137810008e-01 -1.357585632220450478e-01 3.579473903685214450e-03 6.704318888872074922e+01 -7.613017051387624759e-03 -2.920362899645642663e-02 9.995444912683111305e-01 2.029339066447947371e+00
-1.244253819482932649e-01 -9.917806658226639982e-01 -2.982340066773522466e-02 -3.030138299005944447e+00 9.921966382700346809e-01 -1.246077456077889084e-01 4.329057656060201695e-03 6.771279801644023166e+01 -8.009702408076135871e-03 -2.905203323197540904e-02 9.995458088714276323e-01 2.067723425637245427e+00
-1.115818626277147313e-01 -9.932672498421928342e-01 -3.113933723557262348e-02 -3.141358552017506689e+00 9.937200358424228552e-01 -1.117868916080572289e-01 4.917441402329913135e-03 6.835934724590435962e+01 -8.365303214251799610e-03 -3.039508604280756129e-02 9.995029566972772894e-01 2.106781126439470686e+00
-9.423142029952273624e-02 -9.949978152168595935e-01 -3.316303879357316436e-02 -3.222920732519802378e+00 9.955128316284581613e-01 -9.446465790393758499e-02 5.534480118577650778e-03 6.898521423214424431e+01 -8.639530741035546593e-03 -3.249270873260111381e-02 9.994346313730608777e-01 2.094522998214507048e+00
-7.431056464997305711e-02 -9.966412146229380875e-01 -3.441263280146438647e-02 -3.285110805527422517e+00 9.972006475871153519e-01 -7.455077823507728907e-02 5.748905668295945827e-03 6.956620731744476416e+01 -8.295084884470022707e-03 -3.388909528846724417e-02 9.993911750597448407e-01 2.088048836581098744e+00
-5.096833836286308872e-02 -9.980472405404889891e-01 -3.611002816468759924e-02 -3.346303016234421168e+00 9.986710467754519316e-01 -5.121011814050104027e-02 5.802080011572666694e-03 7.009079941296448624e+01 -7.639948753315447920e-03 -3.576631724908120591e-02 9.993309770709064566e-01 2.077526826803977489e+00
-2.530864553957446611e-02 -9.992342674318479556e-01 -2.983875417810019637e-02 -3.326472177752898496e+00 9.996621167655941331e-01 -2.547388059492542572e-02 5.170465275887934850e-03 7.057833135277209635e+01 -5.926614943267700247e-03 -2.969781469038565436e-02 9.995413523401307510e-01 2.129734932225199273e+00
6.495969291300351771e-03 -9.995793657528276865e-01 -2.826471199484035385e-02 -3.315586147121689198e+00 9.999656766652754714e-01 6.347923523135581836e-03 5.324411545188613253e-03 7.104676547947859433e+01 -5.142749685199722760e-03 -2.829832906956128435e-02 9.995862927719401103e-01 2.128915225941176548e+00
3.657014278615396130e-02 -9.986238816389979567e-01 -3.758946231156566620e-02 -3.429363162674941456e+00 9.993297592270753427e-01 3.648286040495937049e-02 3.005531538451213392e-03 7.145379734128538018e+01 -1.630024465106030829e-03 -3.767418103880122021e-02 9.992887466109611205e-01 2.104336142613107974e+00
7.409147030888935115e-02 -9.965227374688211404e-01 -3.811676448920493787e-02 -3.379485553069659254e+00 9.972514171433182195e-01 7.402755368060268126e-02 3.087442584196101788e-03 7.186806256863690123e+01 -2.550159064251889592e-04 -3.824075056433479808e-02 9.992685224518838005e-01 2.100115299135138169e+00
1.195224212700010530e-01 -9.921083490315386610e-01 -3.788686574109020877e-02 -3.315070732772126938e+00 9.928308204120273039e-01 1.194799879919097724e-01 3.390355355370722277e-03 7.233536574794821661e+01 1.163122409549663221e-03 -3.802047147760619777e-02 9.992762835647055475e-01 2.082767817409307387e+00
1.664864032612206335e-01 -9.854582842808631282e-01 -3.397421774481474560e-02 -3.217756608473796298e+00 9.860417133757314323e-01 1.664572417681942640e-01 3.704881371836206937e-03 7.281200644804113153e+01 2.004248536880234854e-03 -3.411680824980341253e-02 9.994158425713781657e-01 2.082036143371911230e+00
2.172286238503705891e-01 -9.757945595445318698e-01 -2.523296540996550208e-02 -3.104806808719760891e+00 9.761110710500101595e-01 2.172690147048617904e-01 1.162851144181213311e-03 7.323299453568667161e+01 4.347637712653038694e-03 -2.488278144588219193e-02 9.996809217114462909e-01 2.102894888827058661e+00
2.674289118978534496e-01 -9.633659343648324214e-01 -2.019538527774888265e-02 -2.945080960116989832e+00 9.635474225555739070e-01 2.675276498273805315e-01 -2.306743234905352970e-03 7.366415472254244889e+01 7.625061812549105075e-03 -1.884232159855287608e-02 9.997933913310003140e-01 2.110971830832205409e+00
