1.000000000000000000e+00 -8.507175405748565455e-17 1.094176832472371075e-15 6.661338147750939243e-16 -5.448115916739659781e-18 1.000000000000000222e+00 -7.149445965803913339e-15 -5.773159728050814010e-15 -1.097212598555330487e-15 7.137953422775566992e-15 1.000000000000000666e+00 -1.965094753586527077e-14
9.999934294289762882e-01 1.539313982404229850e-03 -3.282013305796607511e-03 1.017094139030022770e+00 -1.534772475926828549e-03 9.999978619774400057e-01 1.385826106513399821e-03 -3.157861762688449897e-02 3.284139510281041969e-03 -1.380779857157200634e-03 9.999936539171978556e-01 1.076429406191547859e-02
9.999912261651339174e-01 1.279868134191113928e-03 -3.988675257745852125e-03 1.982188855464217525e+00 -1.277784113824051004e-03 9.999990458267545845e-01 5.249888955089609260e-04 -4.623638681706952053e-02 3.989343368416791227e-03 -5.198876234635510952e-04 9.999919073954313120e-01 1.115823285116468271e-02
9.999971764546723429e-01 1.586096473642501685e-03 -1.769570755820054370e-03 2.970124867421006343e+00 -1.585478602180482319e-03 9.999986816983259530e-01 3.505127880814432918e-04 -6.811488612416402577e-02 1.770124370089087937e-03 -3.477061818243154046e-04 9.999983728787419368e-01 1.289251393516781599e-03
9.999939766429929433e-01 4.899525386741230898e-04 3.436076868053665988e-03 3.919338905444636811e+00 -4.785455513820596187e-04 9.999943749203750176e-01 -3.319807489493612450e-03 -3.669517441154956233e-02 -3.437684087955103582e-03 3.318143173808492299e-03 9.999885860618592526e-01 -9.559110403725199975e-03
9.999923849527754260e-01 -9.418434690042813088e-04 3.787211023993490751e-03 4.789920976431428556e+00 9.586284261738464273e-04 9.999897163145403667e-01 -4.432639925486914906e-03 -4.195943938970940479e-02 -3.782997224542316347e-03 4.436236698868046419e-03 9.999830042235506866e-01 4.425758686447085061e-03
9.999988640781203308e-01 -6.763949648357170472e-04 1.346971537010532589e-03 5.698523718283598605e+00 6.839545259151296602e-04 9.999839752634673840e-01 -5.619735090068792537e-03 -9.446891309465893505e-02 -1.343148791627927444e-03 5.620649973767756664e-03 9.999833019831898540e-01 1.111960849206831536e-03
9.999992331467453255e-01 -7.742816133612303317e-04 -9.665370692258548179e-04 6.661785861887445037e+00 7.695791303302462142e-04 9.999879123780724965e-01 -4.856217222329800749e-03 -1.683722583903270176e-01 9.702854657968986492e-04 4.855469671566649791e-03 9.999877414050591939e-01 8.616855679364864365e-03
9.999965277406946962e-01 -2.307514462968885544e-03 -1.272746462972165976e-03 7.570687071896159637e+00 2.299968406504437641e-03 9.999799564187211720e-01 -5.898890246897406549e-03 -1.782426830260622486e-01 1.286332727135148157e-03 5.895942487766515916e-03 9.999817914393764884e-01 3.074188374916399930e-02
9.999941488727495109e-01 -3.416766528793584775e-03 -1.671129974464586210e-04 8.563582650900706028e+00 3.415499012418434129e-03 9.999691488342205004e-01 -7.073595002785030249e-03 -3.193335054573478438e-01 1.912766644594069733e-04 7.072982840002804521e-03 9.999749678501905770e-01 4.937755042496079494e-02
9.999957920634390263e-01 -2.578671949836816666e-03 1.329024601420623853e-03 9.570080118787965162e+00 2.588686751911207541e-03 9.999678475073291439e-01 -7.589641128699945068e-03 -4.273818033105571956e-01 -1.309410675278983773e-03 7.593049620350227936e-03 9.999703150799794660e-01 7.992926661219942885e-02
9.999932573114639345e-01 -2.922937614017271941e-03 2.223008617676824027e-03 1.052583493775186518e+01 2.943765936663059277e-03 9.999512544457597185e-01 -9.424594127327566573e-03 -4.360109153181344621e-01 -2.195352755218085792e-03 9.431074597270430390e-03 9.999531165300845625e-01 1.027124029812223061e-01
9.999927396627968923e-01 -2.084710487467742422e-03 3.189765489352957683e-03 1.141980018403354791e+01 2.124207700769317059e-03 9.999204931130171170e-01 -1.242960957822100178e-02 -4.711771601193734949e-01 -3.163599743585863901e-03 1.243629505948031649e-02 9.999176617111336096e-01 1.302395239138059158e-01
9.999865455251465418e-01 -3.005682887035683159e-03 4.227840946217649443e-03 1.229940166493602760e+01 3.072235715655839260e-03 9.998700702631779791e-01 -1.582415746940018381e-02 -5.195611730416116458e-01 -4.179729224648660001e-03 1.583693348762655120e-02 9.998658517027777526e-01 1.453934551011988596e-01
9.999884625098125479e-01 -2.708023314041756516e-03 3.967550502809258015e-03 1.323833042682251815e+01 2.788568262702935310e-03 9.997872325749300737e-01 -2.043803971049020993e-02 -5.156587740633017392e-01 -3.911359649275632927e-03 2.044886769222039810e-02 9.997832490474146683e-01 1.750763342840618852e-01
9.999958892587255121e-01 -1.221277662600921176e-03 2.594214047198382424e-03 1.416744045876277447e+01 1.284933706171433217e-03 9.996945904416840722e-01 -2.467944057318358433e-02 -5.512482254985344721e-01 -2.563281299934542200e-03 2.468267251545886234e-02 9.996920502167038203e-01 2.187645148946767149e-01
9.999958222945261044e-01 -1.794146803021012034e-03 2.266369507630051124e-03 1.509449883874558118e+01 1.852602664245711237e-03 9.996586763336853254e-01 -2.605952213977953333e-02 -5.802037813398867039e-01 -2.218841333745149615e-03 2.606361195295925359e-02 9.996578238953099937e-01 2.342842582237493199e-01
9.999921810524009524e-01 -3.435378101073356064e-03 1.958573809025808497e-03 1.599755711345368780e+01 3.485919490665706933e-03 9.996450131090540703e-01 -2.641393820513971216e-02 -6.122496927789905508e-01 -1.867136676125615491e-03 2.642055910655582637e-02 9.996491723885603253e-01 2.440062819771141867e-01
9.999904996158403003e-01 -4.023959328302909727e-03 1.675836921420829819e-03 1.686851537681059909e+01 4.066600473981053267e-03 9.996466075939209883e-01 -2.627018626794716191e-02 -5.782158069617469032e-01 -1.569534532289820761e-03 2.627675165030467566e-02 9.996534744020376673e-01 2.795494124015180937e-01
9.999951600076126823e-01 -2.738023560742135903e-03 1.477561616707553580e-03 1.772432512289238105e+01 2.772057058183566118e-03 9.997189272471037613e-01 -2.354532232882907555e-02 -6.155095699671884191e-01 -1.412678667114779327e-03 2.354930425475676437e-02 9.997216785726446009e-01 2.801323872798214265e-01
9.999962917448919075e-01 -1.510296385947920922e-03 2.266164445356897393e-03 1.860206922570803201e+01 1.569044394542411236e-03 9.996567950846498851e-01 -2.615014609475332236e-02 -6.685222450787340343e-01 -2.225892215441359345e-03 2.615360483596061020e-02 9.996554578243136424e-01 3.040616930578919352e-01
9.999957307150871832e-01 3.396875335799384005e-04 2.902268764428347393e-03 1.950957492751917499e+01 -2.621949467459442186e-04 9.996445386573267200e-01 -2.665947460834913046e-02 -6.561001641219241787e-01 -2.910293011252804672e-03 2.665859983125227692e-02 9.996403599543363105e-01 3.276126285961747930e-01
9.999935603481050483e-01 -7.110096331580634905e-04 3.517630967734196052e-03 2.036327224516115564e+01 8.048612835200060064e-04 9.996417962809422963e-01 -2.675128644623142246e-02 -6.916834870598721485e-01 -3.497350516876652354e-03 2.675394538223460628e-02 9.996359311998823660e-01 3.498052575908474071e-01
9.999913894238480205e-01 -1.557958556513437676e-03 3.846276550132116546e-03 2.120708348056190573e+01 1.662494176898434307e-03 9.996251791194777914e-01 -2.732649599686906572e-02 -7.237641336363087596e-01 -3.802261337111029552e-03 2.733265511236166942e-02 9.996191618677798818e-01 3.681706218037126832e-01
9.999923312589199531e-01 -1.617979656241567889e-03 3.566449941456218721e-03 2.207566009373129035e+01 1.719508905780764646e-03 9.995879942774977822e-01 -2.865109047516723600e-02 -7.291900141868313812e-01 -3.518623662153389647e-03 2.865700329980908068e-02 9.995831108264139342e-01 3.619413469253765503e-01
9.999902003451444088e-01 -1.795302587470628489e-03 4.046739712429118022e-03 2.300015747842807912e+01 1.912901741608404082e-03 9.995704087763107593e-01 -2.924617420605180387e-02 -7.400482108480790355e-01 -3.992495536338385581e-03 2.925362861908246612e-02 9.995640475687502802e-01 3.861645078092905137e-01
9.999875113867252585e-01 -1.653795732081264104e-03 4.716145699966783900e-03 2.392378029581320931e+01 1.789050684227406216e-03 9.995829986266558942e-01 -2.882062029515046475e-02 -7.635053856150524343e-01 -4.666515641892978426e-03 2.882869778926070922e-02 9.995734739455391926e-01 3.680383255994341685e-01
9.999782086395478942e-01 -1.737847638982284448e-03 6.368840681578625748e-03 2.487168090525651465e+01 1.924926715719427065e-03 9.995633196183687508e-01 -2.948668734619185744e-02 -7.893674057309121306e-01 -6.314816163813296267e-03 2.949830434273550614e-02 9.995448830031276044e-01 3.917987849599794958e-01
9.999682674245445879e-01 -2.106428967636467947e-03 7.682909667630995545e-03 2.574174180485146834e+01 2.332633863671694247e-03 9.995604788127981921e-01 -2.955347720307659534e-02 -8.441333752149173808e-01 -7.617280565577814327e-03 2.957046081039356455e-02 9.995336737120266157e-01 4.174067829397739571e-01
9.999670938071497650e-01 -2.653966096729260243e-03 7.666013751771761330e-03 2.654291420574269011e+01 2.870392780631519317e-03 9.995936436776737821e-01 -2.836033082463414873e-02 -8.247142096987646331e-01 -7.587631262116130079e-03 2.838140206464809592e-02 9.995683687815906104e-01 4.502282835500615588e-01
9.999772372601878345e-01 -3.157131041752077576e-03 5.963009732473552316e-03 2.741795180803325493e+01 3.317325239814321487e-03 9.996286147262231081e-01 -2.704862240100432830e-02 -8.415357008405026651e-01 -5.875399113052727669e-03 2.706778794294119675e-02 9.996163336706512803e-01 4.570186715553776202e-01
9.999803177122267295e-01 -3.767162551164218547e-03 5.017237732982286758e-03 2.828747513088989152e+01 3.899994355446243996e-03 9.996349787303341339e-01 -2.673386135294902877e-02 -8.119545197129227621e-01 -4.914695533157976276e-03 2.675290236823522905e-02 9.996299955397042192e-01 4.627287102084047254e-01
9.999809035175557526e-01 -3.265971457652044625e-03 5.246525579146069790e-03 2.904707423777623987e+01 3.398546390205247573e-03 9.996700102044244751e-01 -2.546214013639904253e-02 -7.492634439656080669e-01 -5.161635656306554597e-03 2.547948445965508499e-02 9.996620195791368069e-01 4.567070757812484172e-01
9.999785385820300077e-01 -3.539799894331971050e-03 5.512911395818335253e-03 2.977180442847065223e+01 3.675699193971813158e-03 9.996847010803852074e-01 -2.483923632607673571e-02 -7.924998685514765828e-01 -5.423247254689017235e-03 2.485896704481801306e-02 9.996762576687996393e-01 4.875568996320573389e-01
9.999729871123448355e-01 -4.750111027656602272e-03 5.609054362578348892e-03 3.049588665217073924e+01 4.883727786569467579e-03 9.996987505945493790e-01 -2.405321730269494723e-02 -7.656587305893677309e-01 -5.493109185526379341e-03 2.407996065048522566e-02 9.996949440937298315e-01 5.169313929399967922e-01
9.999562324052703177e-01 -7.195563098297991581e-03 5.979727883424683886e-03 3.125395267360675078e+01 7.334052829127655181e-03 9.996976389611295088e-01 -2.347003035044340283e-02 -8.053652015900656380e-01 -5.809039762384155155e-03 2.351285876386765075e-02 9.997066572399178064e-01 5.271035178577435643e-01
9.999539995508491819e-01 -6.626259786525209340e-03 6.934800898866213745e-03 3.201416592299269581e+01 6.771580991950733493e-03 9.997534657682463077e-01 -2.114600140117976063e-02 -8.187920634560460487e-01 -6.792972334323857213e-03 2.119198824156738950e-02 9.997523469146032404e-01 5.337148170537941994e-01
9.998857973241692676e-01 -1.261719751444764434e-02 8.318571770229973850e-03 3.297252775240545475e+01 1.278218630863766671e-02 9.997164975904236917e-01 -2.008830900589424900e-02 -8.839750344947423510e-01 -8.062755272630318937e-03 2.019234440144187723e-02 9.997636026606540049e-01 5.424477178733314586e-01
9.998691177459615442e-01 -1.345361235653596069e-02 8.985971982917577774e-03 3.380599019171172870e+01 1.362435446034491494e-02 9.997224839977665312e-01 -1.921801121041541438e-02 -8.528276522703185369e-01 -8.724926558808274862e-03 1.933792398125636774e-02 9.997749348491703492e-01 5.378094822093583138e-01
9.998527112874956435e-01 -1.429324590429640988e-02 9.500465913229359793e-03 3.456712884580612410e+01 1.446376429459310213e-02 9.997310362083247082e-01 -1.812883791833257152e-02 -8.439301004965100717e-01 -9.238790693568865731e-03 1.826358024479430436e-02 9.997905212509199391e-01 5.547551150914564744e-01
9.998359649014705308e-01 -1.560490088779414863e-02 9.194039255515330453e-03 3.523258720478678185e+01 1.574634713328607397e-02 9.997555850513879516e-01 -1.551846353619586519e-02 -7.582740906626236344e-01 -8.949628009470035270e-03 1.566069049717537173e-02 9.998373102318530714e-01 5.441113266710176921e-01
9.999162571108605180e-01 -9.584725950993952526e-03 8.695504232455145144e-03 3.597480736595645823e+01 9.701252724097952224e-03 9.998623597741017610e-01 -1.345909367520193960e-02 -7.426895895465140951e-01 -8.565305656862788608e-03 1.354232385593536966e-02 9.998716122600990186e-01 5.619335535262359738e-01
9.999082507298829858e-01 -9.922012012048238294e-03 9.221919536799830577e-03 3.672438406130535071e+01 1.003335465245873068e-02 9.998763698865714700e-01 -1.210688799325620145e-02 -7.445614180825678163e-01 -9.100654741743921181e-03 1.219830398440904448e-02 9.998841830248146323e-01 5.592543238682375906e-01
9.998962800094939318e-01 -1.022473629020348614e-02 1.014317460051973596e-02 3.747789622614860150e+01 1.032949871838462035e-02 9.998932873582622172e-01 -1.033031229566009138e-02 -7.755316027805406742e-01 -1.003646747654400595e-02 1.043401474480375353e-02 9.998951948364007691e-01 5.714384709167160681e-01
9.998869162624129947e-01 -1.069403579874331732e-02 1.057318710623160810e-02 3.812360221527492854e+01 1.078439278247558461e-02 9.999054967683179695e-01 -8.526101385121510542e-03 -7.876504152205568987e-01 -1.048100947244475466e-02 8.639162624426544035e-03 9.999077523999981842e-01 5.616185378289881847e-01
9.999144416660810109e-01 -9.561733106925160777e-03 8.926511502670901252e-03 3.888780523172192005e+01 9.603622937239014723e-03 9.999430177143027176e-01 -4.661732607522433430e-03 -8.407178368765204635e-01 -8.881428606633252551e-03 4.747060608064424328e-03 9.999492915350834954e-01 5.819239168898414638e-01
9.999441033484725017e-01 -8.910493048242266317e-03 5.691510543070129984e-03 3.962912814737471479e+01 8.915854961895024536e-03 9.999598321356144570e-01 -9.174124604975366325e-04 -8.455953828143576434e-01 -5.683107329894893263e-03 9.681058627291462895e-04 9.999833823929983323e-01 5.825685614939453139e-01
9.999647237863549254e-01 -7.185421038166270487e-03 4.349816937415361753e-03 4.034692514434435395e+01 7.183488951139109339e-03 9.999740927743402397e-01 4.596375025742187228e-04 -7.883176212241780334e-01 -4.353006934707353594e-03 -4.283744263941332469e-04 9.999904338672459536e-01 5.900177250334369683e-01
9.999794483261934541e-01 -3.975308565360084583e-03 5.029895332726625271e-03 4.099730667762670322e+01 3.968539353361204974e-03 9.999912072130613394e-01 1.355061613211589865e-03 -7.573151231754018387e-01 -5.035237893966279174e-03 -1.335072426856224494e-03 9.999864318884492675e-01 5.987343418648821691e-01
9.999747132988908715e-01 -1.526529643109378895e-03 6.945679956271166161e-03 4.168340170275656931e+01 1.490620878538167354e-03 9.999855131700419175e-01 5.172185172170429106e-03 -7.293215324742016170e-01 -6.953474829371722628e-03 -5.161701009111579856e-03 9.999625023122195033e-01 5.903299414525409183e-01
9.999514460248253300e-01 1.287334870191217482e-03 9.769767745366669809e-03 4.236793279735838524e+01 -1.385655702460249867e-03 9.999483996515037276e-01 1.006369677018132541e-02 -7.123423235880065318e-01 -9.756308274171078196e-03 -1.007674567208642624e-02 9.999016319846399936e-01 5.908612429622532858e-01
9.999340109443773938e-01 4.522081187633982848e-03 1.056051790525441153e-02 4.301235812607880860e+01 -4.673706811608870082e-03 9.998857152181269692e-01 1.437751603666745197e-02 -7.113511910375612812e-01 -1.049429470397490564e-02 -1.442592404243009038e-02 9.998408685857039790e-01 5.838986695658007209e-01
9.998967462725039113e-01 9.274017293714478805e-03 1.097676623147812898e-02 4.357702378469141280e+01 -9.475647876971879033e-03 9.997846666439943464e-01 1.846164783761083603e-02 -7.189442778932908507e-01 -1.080318892625104291e-02 -1.856375357529341935e-02 9.997693124727559111e-01 5.824512158075959567e-01
9.998169179210242286e-01 1.476659904301831985e-02 1.216873829165836772e-02 4.419394256117855946e+01 -1.501372905539633158e-02 9.996776522006725063e-01 2.047387678025909541e-02 -7.112579950839463816e-01 -1.186248619637931059e-02 -2.065282651999070587e-02 9.997163308549094074e-01 5.853656993178172341e-01
9.997022839204582345e-01 2.054602061525764856e-02 1.316072038680079874e-02 4.479405469217092417e+01 -2.087192831835392448e-02 9.994664182075273517e-01 2.512451957150342585e-02 -7.478155212739805435e-01 -1.263748916896211862e-02 -2.539172921056777332e-02 9.995976960533796696e-01 5.802364130106649753e-01
9.995116694591613671e-01 2.831097672912293028e-02 1.322540024367928335e-02 4.528635164674659563e+01 -2.867026201046785419e-02 9.992018153693829063e-01 2.781633043356373722e-02 -7.380451262664627921e-01 -1.242733644887687554e-02 -2.818192256005892793e-02 9.995255577270785174e-01 5.779422559965589068e-01
9.992844349015620464e-01 3.534642821310765570e-02 1.346284427761705593e-02 4.577402874371024666e+01 -3.572927221531737446e-02 9.989305480603868359e-01 2.934585590416724163e-02 -7.134744502032305258e-01 -1.241117522362288235e-02 -2.980587466188619819e-02 9.994786503799023558e-01 5.799722891437857353e-01
9.989969562892656585e-01 4.270702499767446703e-02 1.346073328735583607e-02 4.625612436609841183e+01 -4.312925518594654811e-02 9.985303977196386960e-01 3.281634009112032596e-02 -7.605117076192103864e-01 -1.203946310641782619e-02 -3.336397526852331180e-02 9.993707502635923445e-01 5.910774286180503490e-01
9.987158617308912190e-01 4.919274074360769494e-02 1.211205124072138768e-02 4.677265484203331880e+01 -4.960933206056808431e-02 9.980865854028446726e-01 3.690639797385173587e-02 -8.020252550574774597e-01 -1.027334899776786471e-02 -3.745987582777449837e-02 9.992453232331699464e-01 5.914072874371264499e-01
9.983492465838040841e-01 5.653217976927690791e-02 1.014369242865337944e-02 4.730311087820297189e+01 -5.688497789620503703e-02 9.976289668321388637e-01 3.873685360476970124e-02 -8.148354797522189275e-01 -7.929762625779501056e-03 -3.924993233093920786e-02 9.991979592036499547e-01 6.148224842834306703e-01
9.978474787091539122e-01 6.477256015023402647e-02 1.024327512915504390e-02 4.772350541544017233e+01 -6.512680869657154481e-02 9.971071069244228369e-01 3.919076561918846680e-02 -7.913663578102240193e-01 -7.675156206060110634e-03 -3.977351848155186165e-02 9.991792427812107302e-01 6.225403363408699153e-01
9.974822426444346357e-01 7.005765977999511840e-02 1.100454066199733731e-02 4.818525765122672766e+01 -7.043535773440508241e-02 9.967602110603217547e-01 3.883222924092489398e-02 -8.722630104210321589e-01 -8.248393168214906979e-03 -3.950956786835159440e-02 9.991851470358339427e-01 6.205724189912128486e-01
9.968818576677951349e-01 7.804712632732781208e-02 1.162789425706768631e-02 4.856380864357466720e+01 -7.845080240126209303e-02 9.961286435462324285e-01 3.966354887490353837e-02 -8.369721832276362239e-01 -8.487252523962162537e-03 -4.045208991881567295e-02 9.991454323399656667e-01 6.008409708782240788e-01
9.961616045524007701e-01 8.671952359638182561e-02 1.190721809674144017e-02 4.893194053933230236e+01 -8.713848336171764464e-02 9.953553391906614367e-01 4.092228564087359299e-02 -7.842013862992683881e-01 -8.303151992247690197e-03 -4.180278665197209587e-02 9.990913795520126595e-01 5.967616540348511522e-01
9.954218862578889659e-01 9.482254878001565579e-02 1.199802490609595818e-02 4.926012175042901475e+01 -9.526800595572382235e-02 9.944504702556981046e-01 4.463484344602154652e-02 -8.333626828613519555e-01 -7.699051890057999684e-03 -4.557352796407582868e-02 9.989313180338875719e-01 6.001792066899716005e-01
9.945242482233106474e-01 1.037310398382534499e-01 1.270397850806078040e-02 4.954947192114908461e+01 -1.042234782073791638e-01 9.934130359281060363e-01 4.762359329651622009e-02 -9.110896169379248954e-01 -7.680253004576445726e-03 -4.868687114809298194e-02 9.987845625016520401e-01 5.929925121204102645e-01
9.935862189066470007e-01 1.123169966777299855e-01 1.308884471937588750e-02 4.987420649083770741e+01 -1.128171047145774125e-01 9.924831208736673016e-01 4.742948096594725577e-02 -9.351037236904508054e-01 -7.663320599638364511e-03 -4.860192422295955134e-02 9.987888297729592413e-01 6.173230553211136451e-01
9.923923213776864038e-01 1.224718577374490358e-01 1.257475776888536227e-02 5.009060953683340500e+01 -1.229302336506114257e-01 9.913195523341180593e-01 4.662298590507318180e-02 -1.000425875021333288e+00 -6.755599545100310528e-03 -4.781411112252418466e-02 9.988334058552381656e-01 6.187247367706990575e-01
9.910098018770354678e-01 1.334588482231674200e-01 9.397255694348564947e-03 5.036098336194851299e+01 -1.337504420844959352e-01 9.899675838582543408e-01 4.555219151771697228e-02 -1.026703834380306768e+00 -3.223635500636898559e-03 -4.639955539453820277e-02 9.989177590939971596e-01 6.239240636218635894e-01
9.891799126594618130e-01 1.465281917206294748e-01 7.251856459091685775e-03 5.064183621330706586e+01 -1.467070112656455594e-01 9.880990723931287745e-01 4.623068225057842123e-02 -1.014041219965448493e+00 -3.914543681683888519e-04 -4.679436041805582619e-02 9.989044672022279192e-01 6.237719886955173099e-01
9.867290501947937331e-01 1.622458496200434030e-01 6.485813962188629982e-03 5.082528511789261216e+01 -1.623711145484928731e-01 9.856240216558325162e-01 4.670020444577765301e-02 -9.288300669937110676e-01 1.184340306610994062e-03 -4.713355721848015711e-02 9.988878941713100756e-01 6.066272642646450830e-01
9.838253615293530707e-01 1.790100436541963713e-01 6.562185806698970537e-03 5.104290818888946291e+01 -1.791194030458845010e-01 9.827015324674953645e-01 4.705249768647475767e-02 -8.508474755750533580e-01 1.974199616315331068e-03 -4.746685535162773611e-02 9.988708626138441682e-01 6.020064980602390925e-01
9.806051691462841502e-01 1.958775721552422078e-01 6.743809765788196658e-03 5.127510555189241614e+01 -1.959758340195094373e-01 9.794718927100192207e-01 4.720470179360606450e-02 -8.378061828697622726e-01 2.640970266270959137e-03 -4.761079833013878021e-02 9.988624715937831633e-01 6.044255394104313117e-01
9.769628256576069480e-01 2.133004650104215749e-01 6.822676120430763193e-03 5.151198196137734442e+01 -2.133828214482078323e-01 9.758351277799802714e-01 4.704864399155308380e-02 -9.222087613378923132e-01 3.377690617726163656e-03 -4.742061805775186351e-02 9.988692988520230243e-01 6.138586243125384589e-01
9.730121535180276116e-01 2.306529700203525657e-01 6.823234350552590498e-03 5.179299045129567958e+01 -2.307189060662719060e-01 9.719245798295400585e-01 4.616706084174425351e-02 -1.047621897877794916e+00 4.016900521019450138e-03 -4.649536045641721599e-02 9.989104294010801022e-01 6.170727107222504504e-01
9.681789046000139898e-01 2.501599967571119243e-01 7.041641143941777294e-03 5.200479338737738289e+01 -2.502143082404290619e-01 9.670901830630379559e-01 4.614518149139746478e-02 -1.099345114217281871e+00 4.733776429285568334e-03 -4.643871063661930698e-02 9.989099246254113940e-01 6.159400164046288095e-01
9.622611480773691772e-01 2.720325624320031332e-01 7.194989749997912458e-03 5.217882457423986864e+01 -2.720653871151834102e-01 9.611387338809006531e-01 4.682690858572968740e-02 -1.068548673620998812e+00 5.823060594746251942e-03 -4.701722248824177774e-02 9.988771059318667378e-01 6.121720360460483068e-01
9.554213211780790971e-01 2.951559929043610087e-01 7.282780442666439945e-03 5.236875881073721217e+01 -2.951644599706303995e-01 9.542883098386534257e-01 4.702938736093430910e-02 -1.047833138877447334e+00 6.931133282642273213e-03 -4.708249736302434763e-02 9.988669570235579886e-01 6.177638902174672486e-01
9.477411594067295386e-01 3.189505831043410455e-01 7.564410339932721439e-03 5.260820614901500392e+01 -3.189400981714524685e-01 9.465831349762138247e-01 4.751402274066732906e-02 -1.062840950569032605e+00 7.994282004948810583e-03 -4.744358877674557246e-02 9.988419281043592335e-01 6.153663703389589124e-01
9.388528970385915384e-01 3.442143813929589569e-01 8.467429628171211503e-03 5.287920185349530300e+01 -3.442058345728283841e-01 9.376327350704888319e-01 4.865385462911529790e-02 -1.030754917217671540e+00 8.808017272264868219e-03 -4.859335105249128900e-02 9.987798080984847671e-01 6.152784546632201756e-01
9.284253916961369146e-01 3.713933002525750537e-01 9.659636710388027139e-03 5.316652843671235473e+01 -3.714005238206899984e-01 9.271595072041460828e-01 4.936495828719528883e-02 -1.021725853154598296e+00 9.377790762937777622e-03 -4.941927486800899022e-02 9.987340948981126010e-01 6.152506867923529521e-01
9.166486626082831490e-01 3.995685479453605637e-01 1.001023632503962764e-02 5.342467850302777777e+01 -3.995565816587546282e-01 9.153897828491587285e-01 4.915367238116409576e-02 -1.057603973363226535e+00 1.047699344367702956e-02 -4.905630385810944016e-02 9.987410633693731832e-01 6.276610432083877811e-01
9.035051786648837790e-01 4.284546061005045647e-01 1.024903102733354734e-02 5.364126354292292120e+01 -4.284247706782558507e-01 9.022879093918669824e-01 4.825706616187459830e-02 -1.254585540761127715e+00 1.142838549500689929e-02 -4.799144795198784924e-02 9.987823651469192043e-01 6.561634394252294777e-01
8.877706394698496872e-01 4.601877410100082555e-01 9.514973431472509985e-03 5.385835568921235250e+01 -4.601038155200701807e-01 8.866477218695644202e-01 4.647898715978282524e-02 -1.484895241662429699e+00 1.295263058882923507e-02 -4.564055573314444031e-02 9.988739505228995119e-01 6.878200837439533144e-01
8.695707834352981447e-01 4.937342203177008115e-01 8.554079903518094566e-03 5.398677334495289415e+01 -4.935729285696967006e-01 8.684910646405222812e-01 4.592422914672137507e-02 -1.684078968267713083e+00 1.524522150902155385e-02 -4.415643018697577860e-02 9.989083005433027074e-01 6.961426091010232131e-01
8.485334220013625028e-01 5.290816006781068337e-01 7.980699878592291754e-03 5.411528162422654731e+01 -5.288378811998574180e-01 8.474385153783507985e-01 4.667395485061895388e-02 -1.789772511547565559e+00 1.793117828554892726e-02 -4.382490704201998793e-02 9.988782960741892092e-01 6.990175318968991913e-01
8.254435008931825246e-01 5.644341347347590077e-01 7.558728691555503636e-03 5.423339835878223880e+01 -5.641132209487984550e-01 8.243405220988854198e-01 4.731783571259248061e-02 -1.858237321676824871e+00 2.047683530195812396e-02 -4.332217875376274258e-02 9.988512842480953280e-01 7.119241968515342966e-01
7.998442090065807086e-01 6.001556222428883203e-01 7.903822422838345518e-03 5.442583312821373909e+01 -5.997781065562588498e-01 7.987043511642570870e-01 4.834855041351111132e-02 -1.922178701490887542e+00 2.270383699801199404e-02 -4.341184770943691540e-02 9.987992527350272320e-01 7.080309367339356896e-01
7.714637721038856144e-01 6.361936914197064974e-01 1.006157686520177050e-02 5.469100686991988169e+01 -6.358150709453911364e-01 7.702118451832922208e-01 5.012892476476446535e-02 -2.126491603300209476e+00 2.414216001019587471e-02 -4.506995159890830882e-02 9.986920724492319712e-01 7.335444588739246097e-01
7.416978554684516833e-01 6.706095008392248813e-01 1.293014221378097940e-02 5.492299114724225007e+01 -6.702324193090385407e-01 7.402598285229763375e-01 5.295177411855784416e-02 -2.372255475287268212e+00 2.593829795224646823e-02 -4.794041780493706051e-02 9.985133554640398534e-01 7.303527730846006705e-01
7.080095956926916179e-01 7.060605210184224267e-01 1.417579155703567635e-02 5.520240353491774954e+01 -7.056698453009223604e-01 7.065530010275352657e-01 5.303702642467813394e-02 -2.566560218384781322e+00 2.743140244411195611e-02 -4.755415227075094481e-02 9.984919232331259664e-01 7.558232721191875392e-01
6.720226481211959424e-01 7.403833944981178528e-01 1.476446963569752642e-02 5.549226495819773675e+01 -7.400045340342100708e-01 6.706603899102180355e-01 5.106790591263776768e-02 -2.919522367339816515e+00 2.790788456681499857e-02 -4.524456383844198404e-02 9.985860400697090800e-01 7.683128337141271746e-01
6.334426864975295501e-01 7.736361680009999908e-01 1.540916881355530559e-02 5.573914145141998944e+01 -7.732492484587819570e-01 6.321307151258450663e-01 4.996357425597607732e-02 -3.290515586801213033e+00 2.891301922541941391e-02 -4.356418890818090917e-02 9.986321638942289303e-01 7.994063890818732254e-01
5.918689550088073181e-01 8.058739892737861732e-01 1.607026784905320888e-02 5.601369976484131996e+01 -8.054587723863257942e-01 5.905756235847076097e-01 4.956408794140469698e-02 -3.671082221348361152e+00 3.045170081792894501e-02 -4.227938314946212695e-02 9.986416512832939629e-01 8.173240452184329374e-01
5.456192719499669552e-01 8.378753125499549537e-01 1.626562928716183271e-02 5.618159191743966119e+01 -8.374139636093819172e-01 5.443674183056720350e-01 4.900987083495508823e-02 -4.023966438175358817e+00 3.220968222170179224e-02 -4.036179513529358776e-02 9.986658409421347304e-01 8.346986732233753203e-01
4.977727366171683099e-01 8.671497404796055797e-01 1.654177338774232703e-02 5.638649357394262296e+01 -8.666633406921239180e-01 4.965776139119543742e-01 4.801382365416403952e-02 -4.439201208216505101e+00 3.342090036238486161e-02 -3.823612098098063544e-02 9.987096887841436788e-01 8.599018909032369873e-01
4.491073766542710843e-01 8.933023756248628100e-01 1.770395260101929533e-02 5.662077741730343661e+01 -8.928553467450380809e-01 4.479668989790068778e-01 4.620592178439700271e-02 -4.908252502396816652e+00 3.334507495158881701e-02 -3.655848905682419075e-02 9.987750411651172833e-01 8.880023794561731076e-01
3.990524022834487927e-01 9.166613623283859091e-01 2.211621681209563137e-02 5.674510991309242769e+01 -9.163941745021726426e-01 3.978809808675309312e-01 4.373147610575842115e-02 -5.361038432271695520e+00 3.128733242546051507e-02 -3.771832284403598551e-02 9.987984936670449843e-01 9.049404313704422220e-01
3.487329040231213484e-01 9.368037679561678210e-01 2.800110702686669367e-02 5.688351940957964814e+01 -9.367229068586777618e-01 3.474164981337612423e-01 4.303455112718344855e-02 -5.838678115431232385e+00 3.058688310110546996e-02 -4.123684235738209886e-02 9.986811129757974248e-01 9.100198891098870702e-01
2.990421655490537178e-01 9.537802456413373431e-01 2.961462895404145049e-02 5.708377081640147566e+01 -9.536905026225721560e-01 2.976730628740423823e-01 4.318764692255028237e-02 -6.321122435832473130e+00 3.237604718383391839e-02 -4.115811783284853420e-02 9.986279592046440889e-01 9.358316823259611450e-01
2.514309909644461549e-01 9.675667946119943519e-01 2.443265738537047510e-02 5.717871027722299004e+01 -9.673222232214369054e-01 2.503540396062463036e-01 4.013192388592888571e-02 -6.845809086868923643e+00 3.271350248117823462e-02 -3.372466185317339604e-02 9.988956271494677797e-01 9.816195015597289908e-01
2.056264595479643520e-01 9.784890150392708819e-01 1.664351469039375073e-02 5.726449782540402111e+01 -9.781332578818856538e-01 2.049501398436967825e-01 3.536622687583203944e-02 -7.350696539382850503e+00 3.119437383810189091e-02 -2.355180726676755001e-02 9.992358197219221028e-01 9.890159921214711769e-01
1.623411969669791011e-01 9.866564759500755510e-01 1.242313298280088400e-02 5.732568194295578934e+01 -9.862379713568620865e-01 1.618471831207386746e-01 3.376615420503847192e-02 -7.885214296154928526e+00 3.130494563552986553e-02 -1.773380336147185876e-02 9.993525467006710850e-01 1.040193336816355840e+00
1.222123193995905549e-01 9.924383791849453740e-01 1.141106952619501055e-02 5.731652375559201573e+01 -9.919265162244510492e-01 1.217409995971807518e-01 3.550937098734281011e-02 -8.370893408871433294e+00 3.385166757796402581e-02 -1.565862503029754466e-02 9.993041939591628120e-01 1.023071420480631044e+00
8.852832068506776009e-02 9.960545351123052393e-01 6.172480772916423726e-03 5.737336909617418002e+01 -9.954774045818398642e-01 8.825924611916600993e-02 3.514317062381928924e-02 -8.918750692751782339e+00 3.445973597837860558e-02 -9.255731018529875231e-03 9.993632262794316379e-01 1.062298702427546981e+00
5.880422038467728041e-02 9.982690624685992553e-01 9.708671460956679392e-04 5.737708171038973148e+01 -9.976967907621886456e-01 5.873751465273659156e-02 3.392665729575466971e-02 -9.524981364002872652e+00 3.381090604810733924e-02 -2.963661668451239919e-03 9.994238536985911026e-01 1.088743830546371250e+00
3.266506083775230773e-02 9.994637019781713594e-01 -2.302656847337075218e-03 5.740234997445961795e+01 -9.989248528079557321e-01 3.272310516214525095e-02 3.283803939284501289e-02 -1.014772897782691530e+01 3.289577849944616550e-02 1.227524597733488810e-03 9.994580336063637604e-01 1.116026814651420729e+00
1.227838727095336736e-02 9.999047205591867771e-01 -6.308011531429378455e-03 5.742903815405004764e+01 -9.994166542267584052e-01 1.247296193029587622e-02 3.179271103400734683e-02 -1.076534094181343093e+01 3.186836142996599813e-02 5.913968561095777829e-03 9.994745782238032561e-01 1.147334928130163245e+00
-5.264362351017848329e-03 9.999701173215950201e-01 -5.661356098573508064e-03 5.734274446481151699e+01 -9.994539211972641723e-01 -5.076790555171130717e-03 3.265096631169813607e-02 -1.130681875629424837e+01 3.262124909420203306e-02 5.830151069788847007e-03 9.994507809022223910e-01 1.186884254183206755e+00
-1.943660133684841154e-02 9.998038201153509608e-01 -3.813110439709977827e-03 5.726789608422700439e+01 -9.992625307756505260e-01 -1.929947644626776176e-02 3.319525262379601632e-02 -1.183964882487553183e+01 3.311514934784771241e-02 4.455501279636214090e-03 9.994416117973272673e-01 1.225907574064439842e+00
-3.126147562906191751e-02 9.995043693119055606e-01 -3.706193182256425217e-03 5.727982208038582712e+01 -9.989591558267647553e-01 -3.112076681658912727e-02 3.334820628819544497e-02 -1.240955437903438252e+01 3.321633831996445574e-02 4.744849750829033264e-03 9.994369221063809094e-01 1.229424996701981243e+00
-4.117391859076591221e-02 9.991293509274945528e-01 -6.726703731043480634e-03 5.726026534906849719e+01 -9.985047594861952147e-01 -4.090402693613610224e-02 3.626438836984237357e-02 -1.307015049970669551e+01 3.595766554313777064e-02 8.209792665584180263e-03 9.993195913185611845e-01 1.281310659734185453e+00
-4.752247009062019606e-02 9.988375929842960854e-01 -8.067073684068892803e-03 5.722316223833976068e+01 -9.981718191703551346e-01 -4.718575128837103339e-02 3.776935648791775180e-02 -1.375029700122668785e+01 3.734480219047673494e-02 9.847218728647313957e-03 9.992539206991806200e-01 1.346459668405738164e+00
-5.281562045315506965e-02 9.985777418899595137e-01 -7.280359750579932544e-03 5.713551594342021644e+01 -9.979080257558571310e-01 -5.250519439906824182e-02 3.771971226267392674e-02 -1.436092127901075166e+01 3.728380839200120395e-02 9.257319431961156045e-03 9.992618373923537467e-01 1.373526314132145432e+00
-5.645207506383406737e-02 9.983918354179345256e-01 -5.187117869917329781e-03 5.714111171186053895e+01 -9.977885619617453683e-01 -5.623385525739021257e-02 3.543640982404331480e-02 -1.501586177079038364e+01 3.508773060934936017e-02 7.176105747530478821e-03 9.993584715541294905e-01 1.401544944542656657e+00
-5.943019980392012791e-02 9.982237598758431085e-01 -4.168521392841432679e-03 5.714163814318320789e+01 -9.978060763706889658e-01 -5.928225585581878981e-02 2.947283661934995205e-02 -1.568252468435576930e+01 2.917336643262362708e-02 5.910952544334564102e-03 9.995568894920523473e-01 1.404892657473173712e+00
-6.026779779585166724e-02 9.981719453972420775e-01 -4.534310391335932139e-03 5.713773764698559177e+01 -9.979041189934694245e-01 -6.014315732711224965e-02 2.387823114489128623e-02 -1.640916856308997396e+01 2.356187269130562145e-02 5.963895422671841411e-03 9.997045914202290495e-01 1.432767604838036224e+00
-6.119000544097047412e-02 9.981095764738570075e-01 -5.749485656243868634e-03 5.702215348103933934e+01 -9.978806127128996284e-01 -6.104618152996756086e-02 2.253101179156188211e-02 -1.715816557089914340e+01 2.213743449172888775e-02 7.115973003552834505e-03 9.997296119063167064e-01 1.470181110960424142e+00
-6.134327503306764157e-02 9.980873748467852247e-01 -7.654722703652428947e-03 5.698286005796229858e+01 -9.978369263736179828e-01 -6.114269557816558176e-02 2.414620348418639734e-02 -1.791222977681852058e+01 2.363199046804379325e-02 9.119372176189698836e-03 9.996791315605462191e-01 1.520076638973241634e+00
-6.059763885916674003e-02 9.981286602886008108e-01 -8.191683293201757962e-03 5.699229432094766423e+01 -9.977165603317529330e-01 -6.032331434140245779e-02 3.037701411687536088e-02 -1.867361379428975354e+01 2.982601891776430481e-02 1.001375340969452160e-02 9.995049441289342029e-01 1.534827049809354360e+00
-5.869835241669886516e-02 9.982521456924838832e-01 -6.867098653426438257e-03 5.694424253968352190e+01 -9.975868291033542778e-01 -5.840093403928414695e-02 3.754796003602142024e-02 -1.939133187572898720e+01 3.708128669683462969e-02 9.054530561534053501e-03 9.992712312746897529e-01 1.574296081588447027e+00
-5.660973450043849803e-02 9.983671447935689169e-01 -7.640821717925357949e-03 5.691431524695794764e+01 -9.976543843565556235e-01 -5.627100644332114210e-02 3.897824018616508762e-02 -2.014025321999649165e+01 3.848463763561859458e-02 9.829447115208101576e-03 9.992108459356718875e-01 1.583477277574964592e+00
-5.477493942604121091e-02 9.984692760284445967e-01 -7.668822471923077491e-03 5.683843672429717486e+01 -9.978705901087174812e-01 -5.446648346355856263e-02 3.588436393760643245e-02 -2.090702592001015603e+01 3.541174108917178459e-02 9.618056266521230260e-03 9.993265240083970546e-01 1.619305695396656253e+00
-5.221296851682206974e-02 9.986039643916987396e-01 -7.995512481658636345e-03 5.681171087612739257e+01 -9.981942943101614896e-01 -5.195010500736095549e-02 3.015522170996455531e-02 -2.162910341764427002e+01 2.969775623367195555e-02 9.555568581037423431e-03 9.995132487284995593e-01 1.637381095129105235e+00
-4.917925264190321083e-02 9.987695261509993427e-01 -6.390206701791048723e-03 5.680412390628088559e+01 -9.983860364056619252e-01 -4.897641705451876576e-02 2.875122402105016739e-02 -2.241939758974587704e+01 2.840287696327457173e-02 7.793856850709160282e-03 9.995661720844803977e-01 1.662351986923194636e+00
-4.499470914792977339e-02 9.989184044816390440e-01 -1.172592582913410501e-02 5.677579343206901541e+01 -9.984613959377810488e-01 -4.458713585722656053e-02 3.296707657711175216e-02 -2.321222877639740645e+01 3.240859408683766790e-02 1.319122829406473713e-02 9.993876497763169997e-01 1.714828690747340012e+00
-4.155244883309668069e-02 9.990498163006183985e-01 -1.314756805170078958e-02 5.674589790652904497e+01 -9.984413823187361370e-01 -4.102924545808443735e-02 3.783394098698207586e-02 -2.396968261637458397e+01 3.725855699620332639e-02 1.469916891668567385e-02 9.991975452150301251e-01 1.762445891416686727e+00
-3.799665069559701736e-02 9.992479771043857317e-01 -7.728828417752633788e-03 5.671406638820720758e+01 -9.985404876651976513e-01 -3.767040295885342588e-02 3.870187636643680068e-02 -2.476891386332395939e+01 3.838162358840995630e-02 9.188089774902850199e-03 9.992209114990693308e-01 1.780667581887990902e+00
-3.296990423163856376e-02 9.994542810836233304e-01 -2.031117568115273393e-03 5.669293063653964282e+01 -9.988158246319166489e-01 -3.287596214478549772e-02 3.586250936472318296e-02 -2.554343753830415054e+01 3.577616357069365871e-02 3.211095867982388836e-03 9.993546692658791253e-01 1.811161431822450929e+00
-2.859661408689167725e-02 9.995729889726666650e-01 -6.006111805195453457e-03 5.659490230749412376e+01 -9.990612565844990689e-01 -2.838534443756009565e-02 3.272426947969241801e-02 -2.631038666182941199e+01 3.253981030344267611e-02 6.936276912871620209e-03 9.994463711515640947e-01 1.850010490981347955e+00
-2.586768995516927974e-02 9.996139500435134995e-01 -1.013969894963324958e-02 5.657154202072986493e+01 -9.991069261658279688e-01 -2.551291753726584594e-02 3.368146561870616340e-02 -2.705399558482652367e+01 3.340976958721544876e-02 1.100190515967519253e-02 9.993811812211658152e-01 1.899424821508453487e+00
