9.999999999999991118e-01 -1.540820693691352661e-16 4.293440603042597559e-17 1.249000902703301108e-15 2.346450670483862799e-16 9.999999999999991118e-01 -1.118896642005040576e-16 5.329070518200751394e-15 -3.382710778154773834e-17 9.454242944073598665e-17 9.999999999999975575e-01 -2.775557561562891351e-15
9.999989705936843665e-01 -1.348919229921863739e-03 -4.891098861216500648e-04 5.626876054963316776e-01 1.348533387431475857e-03 9.999987799879768158e-01 -7.883401924708167410e-04 -1.026659066875434817e-01 4.901726966470636940e-04 7.876797999368659927e-04 9.999995696455348249e-01 3.553265521099990137e-02
9.999928128697828100e-01 -3.567749089480302775e-03 -1.282721797990469832e-03 1.141722635425180599e+00 3.566472283043540647e-03 9.999931438056457456e-01 -9.963017378571863755e-04 -1.152781162740699472e-01 1.286267558018622205e-03 9.917197855674509972e-04 9.999986810029445339e-01 5.581175049987153330e-02
9.999855392506242779e-01 -4.816855041935967814e-03 -2.391484296512402449e-03 1.663154576932993400e+00 4.815393679167766575e-03 9.999882159160267125e-01 -6.164517774478500863e-04 -7.863688402556420765e-02 2.394425473912954391e-03 6.049269247279194430e-04 9.999969503903793910e-01 7.869528827467082988e-02
9.999783631189685940e-01 -5.329045147104304568e-03 -3.856756632926223831e-03 2.206970834828543726e+00 5.325534957765697304e-03 9.999853961807179115e-01 -9.198384110336989099e-04 -2.325076769215411732e-02 3.861602169969799523e-03 8.992792163271601854e-04 9.999921396318891542e-01 1.104143949425604732e-01
9.999580355602237791e-01 -7.521094586845205113e-03 -5.230703083880103993e-03 2.855070069123753385e+00 7.504039995068777051e-03 9.999664895127681197e-01 -3.272496792980177354e-03 -6.966374222949700545e-02 5.255140558386362480e-03 3.233108059341797697e-03 9.999809650738266109e-01 1.436266779358434942e-01
9.999369774298848546e-01 -9.758906322181034806e-03 -5.550217633509555229e-03 3.434475937610772522e+00 9.740742073375224450e-03 9.999471442770101470e-01 -3.290379326196465632e-03 -1.673128371280882543e-01 5.582034776352583390e-03 3.236108719615532654e-03 9.999791840274004917e-01 1.588631527191700643e-01
9.999131398564642392e-01 -1.208247593879483925e-02 -5.265597551342422571e-03 4.027940487563139271e+00 1.206668179169400126e-02 9.999226313327300719e-01 -3.021016246992274355e-03 -2.589840436333257223e-01 5.301691515192497040e-03 2.957215550992236229e-03 9.999815733018564412e-01 1.731741470756800183e-01
9.998925403584432159e-01 -1.370450474480580140e-02 -5.205217117056017487e-03 4.608895296193153968e+00 1.369264229594931333e-02 9.999035881648458135e-01 -2.307795922300908895e-03 -2.940889665714446766e-01 5.236342472688607606e-03 2.236274751321687057e-03 9.999837897649840324e-01 2.049976369936764020e-01
9.998113038803362329e-01 -1.815802827814687326e-02 -6.902364967799107590e-03 5.380456970536985573e+00 1.814119041294947124e-02 9.998323238534794211e-01 -2.494271065758378505e-03 -2.469650574950406074e-01 6.946498650384837735e-03 2.368583289306344566e-03 9.999730676221711967e-01 2.088711238643525536e-01
9.996978260129316673e-01 -2.216582242082410642e-02 -1.062699305657024626e-02 6.124446984472448285e+00 2.215329808495801120e-02 9.997537470868566034e-01 -1.294824214034851232e-03 -2.243587505732823062e-01 1.065307697216659813e-02 1.059010006910536799e-03 9.999426935823992890e-01 2.345443878761693801e-01
9.995415068314209561e-01 -2.625985703790248080e-02 -1.507302323751656681e-02 6.892759005993142729e+00 2.627414186000387453e-02 9.996544934742542798e-01 7.504307093390513196e-04 -1.558959117098825953e-01 1.504810920648120415e-02 -1.146117392786981642e-03 9.998861139270935894e-01 2.640538428510426083e-01
9.994734819356073663e-01 -2.890667237830828878e-02 -1.473645817436131968e-02 7.578225829562331484e+00 2.895276992470854557e-02 9.995765028270593433e-01 2.924399034155137321e-03 -2.871713843861042892e-02 1.464568268120155364e-02 -3.349520568263545956e-03 9.998871359762354638e-01 2.825937967551149232e-01
9.994982707230311014e-01 -3.045796219133387744e-02 -8.690187617035629447e-03 8.211165995904483594e+00 3.049715860427073058e-02 9.995251067475905415e-01 4.414102205614367155e-03 8.530399232831975542e-02 8.551616147486840180e-03 -4.676913551363909814e-03 9.999524970421805881e-01 2.731893123219962805e-01
9.995127541350328215e-01 -3.121047460014491834e-02 -4.007450974723280462e-04 8.870890956961723361e+00 3.121209101169173175e-02 9.995002514224430312e-01 5.005275331981938469e-03 1.324580017073168636e-01 2.443278070643709748e-04 -5.015344624728244535e-03 9.999873932316399872e-01 2.693576581592947439e-01
9.994876291884358110e-01 -3.138632384153623722e-02 6.275171311699322997e-03 9.545985692330562600e+00 3.135080096386826803e-02 9.994922961505687820e-01 5.681303951121621093e-03 2.320354860522244045e-01 -6.450300628720606784e-03 -5.481661369998227888e-03 9.999641718633803800e-01 2.793830454875649849e-01
9.994418566637921497e-01 -3.277461849699139090e-02 6.465255664380369777e-03 1.023315200065976782e+01 3.273074888757777912e-02 9.994412194110757763e-01 6.778423073071393988e-03 3.734880878843725993e-01 -6.683803235243767488e-03 -6.563027081758382106e-03 9.999561257624405286e-01 2.993679010950782149e-01
9.994365512143339458e-01 -3.355565485850016405e-02 7.733846471522859770e-04 1.091259131041258179e+01 3.354777341381622036e-02 9.994000875469395417e-01 8.603017502151673671e-03 4.667765136702766160e-01 -1.061600570115274651e-03 -8.572224809482642191e-03 9.999626942871613355e-01 3.031706490627264494e-01
9.993976187717416027e-01 -3.433993719439691616e-02 -5.016802453277938514e-03 1.156239659355968996e+01 3.438337620799069433e-02 9.993695718281417895e-01 8.845470285627619889e-03 4.617192868227114610e-01 4.709886825615401500e-03 -9.012636546484702194e-03 9.999482933374930216e-01 2.941755735483137513e-01
9.993782777141330120e-01 -3.494156561282373702e-02 -4.705850152200841477e-03 1.225809500857675616e+01 3.498241677031596608e-02 9.993483156614428875e-01 8.898005481092761612e-03 3.824136424426523018e-01 4.391873181016205628e-03 -9.057095404068384037e-03 9.999493389531276533e-01 2.933411024090229469e-01
9.993920999975991482e-01 -3.478623804851129625e-02 2.312596985609183774e-03 1.297952882874420943e+01 3.476481670241934191e-02 9.993573509258165677e-01 8.734567543834861197e-03 3.649348623118682799e-01 -2.614953543128049201e-03 -8.648860789892775722e-03 9.999591787793123965e-01 3.088959499377685880e-01
9.993522409698603060e-01 -3.461509064458510171e-02 9.843473379987066271e-03 1.370912047870709927e+01 3.452778081155968848e-02 9.993640588232040045e-01 8.905632186251368626e-03 3.578157052485235190e-01 -1.014548277531644900e-02 -8.559990191295042267e-03 9.999118939922528870e-01 3.086605869898805254e-01
9.993205188776900227e-01 -3.438430325889472311e-02 1.327479715182493768e-02 1.450290597763194889e+01 3.427730672374374593e-02 9.993786767151160433e-01 8.205289203157934211e-03 3.328695463266779231e-01 -1.354868236354069347e-02 -7.744689570372720322e-03 9.998782190795371116e-01 3.119337958391011911e-01
9.993251218043711637e-01 -3.434189130379478733e-02 1.303592851906062826e-02 1.525461234976033964e+01 3.424981619280915296e-02 9.993872088233749507e-01 7.221975559407477208e-03 2.662719342410718171e-01 -1.327595651674483811e-02 -6.770623449892655167e-03 9.998889476520194108e-01 3.119470549730286590e-01
9.993748163712635746e-01 -3.361691072644564654e-02 1.094895959034593476e-02 1.605393641265956006e+01 3.354234590929651427e-02 9.994133114569138110e-01 6.924154361728887368e-03 2.850063583360578634e-01 -1.117530464022990430e-02 -6.552571703852727927e-03 9.999160846642389799e-01 3.114481371528515785e-01
9.994465846728121106e-01 -3.220209637319270540e-02 8.339626791431634795e-03 1.693226752509604793e+01 3.213774073602818082e-02 9.994534856692797176e-01 7.739225020012021304e-03 2.233945744364469743e-01 -8.584288335825468810e-03 -7.466925250607080351e-03 9.999352754158986611e-01 3.096224355485947544e-01
9.995167582754451718e-01 -3.091468016921663023e-02 3.245377724895480258e-03 1.776596752920704603e+01 3.089662861267919100e-02 9.995076046224504740e-01 5.472352534233022175e-03 2.931219342855989618e-01 -3.412955744274305016e-03 -5.369436834882987397e-03 9.999797602357564097e-01 3.004081622620010661e-01
9.995445309851740401e-01 -3.009115239203997635e-02 -2.291969751846929370e-03 1.858395219202903803e+01 3.009791250219593858e-02 9.995425296394663262e-01 2.974408335229375509e-03 2.914145723696927037e-01 2.201417869126737377e-03 -3.042037089443949682e-03 9.999929498600017563e-01 3.116390682712043558e-01
9.995543787158184257e-01 -2.919906063264762763e-02 -6.201519829999771125e-03 1.945193936212877261e+01 2.921344954015037826e-02 9.995706807733194532e-01 2.242432680255866326e-03 3.604717182702427136e-01 6.133380470506754126e-03 -2.422601191151081430e-03 9.999782560873359261e-01 3.151277120673575682e-01
9.995727763238403396e-01 -2.829064118266400030e-02 -7.341965249206942185e-03 2.032267930524469080e+01 2.831998320077440401e-02 9.995912078090117836e-01 3.923751065909641955e-03 3.110359848208735789e-01 7.227958477650877657e-03 -4.129999079073082800e-03 9.999653492615880879e-01 3.111821454777404794e-01
9.995633659194042009e-01 -2.869897038401050468e-02 -7.031828408480707976e-03 2.121113453797286752e+01 2.872697280771616124e-02 9.995796320186225437e-01 3.914113797264286154e-03 3.767120002904534859e-01 6.916541417019969780e-03 -4.114407905263968435e-03 9.999676160268465841e-01 3.304937095111499801e-01
9.995741189342042254e-01 -2.826045084973769286e-02 -7.275140869895105854e-03 2.209980306494273350e+01 2.829030363191446101e-02 9.995916105955990894e-01 4.033701440289802660e-03 3.864648173725945268e-01 7.158175558152546879e-03 -4.237799507395540941e-03 9.999654001904340062e-01 3.387171588235267650e-01
9.995781256342075594e-01 -2.775531202955825588e-02 -8.556483374808037182e-03 2.313906733488533973e+01 2.780290188563950757e-02 9.995983267821578755e-01 5.493973156651803594e-03 4.150169797532726745e-01 8.400559525352643483e-03 -5.729550457966504050e-03 9.999483000891645768e-01 3.487494766610307884e-01
9.995940211897991201e-01 -2.696230636112059015e-02 -9.210148603213470092e-03 2.407799616905939644e+01 2.705158189434892640e-02 9.995868771324978308e-01 9.710148377460181210e-03 4.889328702944725213e-01 8.944535684847439161e-03 -9.955355352173938382e-03 9.999104390800170883e-01 3.646400660916877534e-01
9.996019463363458035e-01 -2.667687681938590849e-02 -9.181128675148569201e-03 2.504049078423973640e+01 2.678605762992620001e-02 9.995693794867873683e-01 1.198176568975161185e-02 5.500229523281130461e-01 8.857539005422420536e-03 -1.222292254582201844e-02 9.998860655930783548e-01 3.744903286083974825e-01
9.996161680566137964e-01 -2.620369112364902969e-02 -8.993504951116297955e-03 2.591334459405379320e+01 2.631123595900274753e-02 9.995811025405973993e-01 1.205563378806149590e-02 6.327194935606322845e-01 8.673835490659030298e-03 -1.228763668158310875e-02 9.998868828835897338e-01 3.761456105546395756e-01
9.996337849605785308e-01 -2.555989459868814040e-02 -8.887505470524552018e-03 2.679579598789521100e+01 2.566153941509852557e-02 9.996043401534104866e-01 1.151731484809280504e-02 7.156464483534412668e-01 8.589607687896440302e-03 -1.174116410611541171e-02 9.998941762532664868e-01 3.818460514270043404e-01
9.996470190469575190e-01 -2.531866918160393526e-02 -8.049987664621702926e-03 2.771740214387041590e+01 2.541202542283408500e-02 9.996084247129889411e-01 1.171435899759950758e-02 7.253219119886583632e-01 7.750243508256793833e-03 -1.191479054318307640e-02 9.998989806434810390e-01 3.905333639979990945e-01
9.996660450761153394e-01 -2.490584041195946507e-02 -6.891838306947450053e-03 2.867475680031657959e+01 2.499492172632990575e-02 9.996010024383723547e-01 1.315636013855480888e-02 7.391331079768291845e-01 6.561418274254798844e-03 -1.332422746633876720e-02 9.998897002933142542e-01 3.995891339918246632e-01
9.996660674989111817e-01 -2.509762743980893662e-02 -6.153258336191247575e-03 2.967306156560139740e+01 2.518280944533828405e-02 9.995822823125465328e-01 1.418051463381422329e-02 8.211200653539718619e-01 5.794790738164588666e-03 -1.433073563124403170e-02 9.998805180703173034e-01 4.054627529929504814e-01
9.996252797924431999e-01 -2.655754898671523062e-02 -6.632992665108918343e-03 3.068323847248448999e+01 2.665173550733021882e-02 9.995390349106901828e-01 1.453969340297971320e-02 9.431459124046960296e-01 6.243796467251275240e-03 -1.471102585218243830e-02 9.998722922073843833e-01 4.331246714665843434e-01
9.995931256434822387e-01 -2.761773391070160982e-02 -7.130493666668858040e-03 3.168133250923947486e+01 2.773042505823383047e-02 9.994838171863323906e-01 1.622105757121091937e-02 1.021398401868696793e+00 6.678824176633343240e-03 -1.641218925910129661e-02 9.998430043518539145e-01 4.464968614266561775e-01
9.995905002638478809e-01 -2.777613383205174494e-02 -6.878820510266838231e-03 3.268000048001282920e+01 2.789046267000177062e-02 9.994643168524895982e-01 1.712312560952171381e-02 1.051165201712101815e+00 6.399521413491697508e-03 -1.730796718075770096e-02 9.998297257022049633e-01 4.495157815354898223e-01
9.996243126775855581e-01 -2.690852288128309580e-02 -5.211995799070932335e-03 3.384508708154543655e+01 2.699304740716144610e-02 9.994929313872370491e-01 1.688950853703560795e-02 1.058236827950392644e+00 4.754881232668988975e-03 -1.702385101248664670e-02 9.998437775978631370e-01 4.640862503625322599e-01
9.996495524897305307e-01 -2.630658853473789860e-02 -2.955605985942804433e-03 3.505550912244680006e+01 2.635259460282595931e-02 9.995117540817772817e-01 1.678672719946775610e-02 1.059630204600268799e+00 2.512561398103060895e-03 -1.685873221906831337e-02 9.998547245391132821e-01 4.769045198160722365e-01
9.996651105824029271e-01 -2.583420964042568851e-02 -1.503428257496278436e-03 3.624432367567857227e+01 2.585426601630758103e-02 9.995478513688761391e-01 1.535088768192016326e-02 1.120454951767199558e+00 1.106170433926358674e-03 -1.538461686619046337e-02 9.998810378994352766e-01 4.896521038620657573e-01
9.995225817091589748e-01 -3.087646637765892321e-02 -1.119141405076208616e-03 3.724670823704305178e+01 3.089107569062105388e-02 9.993771535067003109e-01 1.706008474546862400e-02 1.104823051338296613e+00 5.916892187331372404e-04 -1.708651143082050988e-02 9.998538398340983679e-01 4.998230580275082602e-01
9.995227830775362809e-01 -3.083448420772198773e-02 -1.854910396402648966e-03 3.834057566989518762e+01 3.086194384451633813e-02 9.993746302040087404e-01 1.725945905121585577e-02 1.096885130032958733e+00 1.321563873917984628e-03 -1.730846868577439607e-02 9.998493238386875204e-01 5.166905979832144835e-01
9.993632022238040369e-01 -3.560773543930628726e-02 -2.297654862477560393e-03 3.934801566556434693e+01 3.564336943240770800e-02 9.992027040105057045e-01 1.798628682081820224e-02 1.412205453667759958e+00 1.655372008819339796e-03 -1.805672935446010763e-02 9.998355936195374438e-01 5.341494963339692426e-01
9.993886038743680089e-01 -3.491212929701853485e-02 -1.887239780621965696e-03 4.041249314942865567e+01 3.494296386201366234e-02 9.991885973204794880e-01 2.002838638713211328e-02 1.464716411294984866e+00 1.186474854048931698e-03 -2.008208686074546695e-02 9.997976305556734999e-01 5.660852195758013794e-01
9.993589892262546570e-01 -3.578223742320702644e-02 -1.114512300259622515e-03 4.153837419069657955e+01 3.579778701894250487e-02 9.991367272109453745e-01 2.107887052831206032e-02 1.525023045063035987e+00 3.593010222607084889e-04 -2.110525581915964621e-02 9.997771947186950836e-01 5.777703286317458220e-01
9.993566663803679084e-01 -3.586334694015522184e-02 -2.714910096054111996e-04 4.267201090263078811e+01 3.586095136148999968e-02 9.991280611690837032e-01 2.138012048511571048e-02 1.602318245305530464e+00 -4.955083925280597251e-04 -2.137610186070625432e-02 9.997713822372962245e-01 5.863483166808161062e-01
9.993770152027464659e-01 -3.529237289128703270e-02 -1.729166052207774208e-04 4.370891744034303628e+01 3.528804022627981402e-02 9.991499054214310060e-01 2.131245441837950963e-02 1.712211559481802592e+00 -5.793974788097979584e-04 -2.130527897140561261e-02 9.997728488944437331e-01 5.938694462748247416e-01
9.993808380615175624e-01 -3.511523992124762628e-02 -2.204640726378405240e-03 4.486129905742981805e+01 3.515197662889890662e-02 9.991869938930527661e-01 1.974056164466155006e-02 1.807461454486815278e+00 1.509653781671844996e-03 -1.980583651953596314e-02 9.998027054300361316e-01 6.358544822643797945e-01
9.994091122189983079e-01 -3.390972492055684129e-02 -5.617559029068519560e-03 4.597914217111765822e+01 3.402071544340418141e-02 9.992003429763487432e-01 2.100632087413890903e-02 1.879056865764610951e+00 4.900748346100232584e-03 -2.118502187302539336e-02 9.997635608051957945e-01 6.687853949891812144e-01
9.994632681046723421e-01 -3.224218876858170324e-02 -5.798014568721213124e-03 4.713020935948059531e+01 3.236091604185526577e-02 9.992405489149912556e-01 2.170475793462883773e-02 1.964289288853030557e+00 5.093802357761506756e-03 -2.188073736143306830e-02 9.997476114050276585e-01 6.812453290875468692e-01
9.994796448745976170e-01 -3.196765789444585421e-02 -4.302130878080548740e-03 4.827974345040423287e+01 3.205075109569028441e-02 9.992682148756162341e-01 2.087544235467848203e-02 2.008308870139334790e+00 3.631643643111314573e-03 -2.100246623720907618e-02 9.997728279846388455e-01 7.244084714568234107e-01
9.994811016972918738e-01 -3.202857986149906799e-02 -3.420149415504184810e-03 4.937501126592425749e+01 3.209971051142246345e-02 9.992131404802305772e-01 2.329610432498308709e-02 2.017255398089191409e+00 2.671317100543107136e-03 -2.339380182213281895e-02 9.997227586192355409e-01 7.488297750378337669e-01
9.994861214497814395e-01 -3.193261426651901325e-02 -2.793058427522173218e-03 5.045852037485339991e+01 3.198748538723828611e-02 9.992347805147530071e-01 2.250898016875274577e-02 2.053731179750199587e+00 2.072150543528576347e-03 -2.258675620229308456e-02 9.997427392266380330e-01 7.808914562937940840e-01
9.995050566323636643e-01 -3.131215729987586044e-02 -3.031595547686962398e-03 5.151808036031523841e+01 3.137417429723372148e-02 9.992383980709564906e-01 2.320096997452370663e-02 2.052415169193141153e+00 2.302814257317855207e-03 -2.328460061542433207e-02 9.997262247338903896e-01 8.221676052790479750e-01
9.995345471022160089e-01 -3.024130901210105721e-02 -4.019002165351613295e-03 5.261701439449237228e+01 3.032319581810816178e-02 9.992941532344117306e-01 2.217428932123258201e-02 2.066738467159200177e+00 3.345585830185235539e-03 -2.228583722366552639e-02 9.997460420100180434e-01 8.452753058591976343e-01
9.995376234057743448e-01 -2.992981677914596794e-02 -5.361479637755402899e-03 5.371230911929256990e+01 3.004255896574604609e-02 9.992986605125422361e-01 2.235244390739589762e-02 2.080249705781613834e+00 4.688714869659806050e-03 -2.250318122867101325e-02 9.997357764866993124e-01 8.707985785739225104e-01
9.995105028560998806e-01 -3.055690522997311573e-02 -6.710456252426119997e-03 5.486179658681271576e+01 3.069986877629806918e-02 9.992787491887406004e-01 2.234948493608395620e-02 2.078395323223394264e+00 6.022685237279570836e-03 -2.254455505341915536e-02 9.997276980758202924e-01 8.987227613730286446e-01
9.994955073943437851e-01 -3.052320670306906195e-02 -8.778641756432687543e-03 5.605981324985681624e+01 3.070094298293014889e-02 9.993105125480894468e-01 2.087945427541614343e-02 2.084967961362997002e+00 8.135281094401036750e-03 -2.113843332515637913e-02 9.997434590123999154e-01 9.252299134108115108e-01
9.995102328367357902e-01 -2.973287418560994697e-02 -9.759643811090252391e-03 5.717727081010015411e+01 2.992798990139191456e-02 9.993419170511385063e-01 2.049507855614416188e-02 2.111779758817903474e+00 9.143843563777228484e-03 -2.077712726107895300e-02 9.997423173536578167e-01 9.502622608618895850e-01
9.994853842663388166e-01 -3.083911491403272878e-02 -8.826983023185545549e-03 5.825742780547448518e+01 3.101943967133952151e-02 9.992965046473128998e-01 2.107819162415695488e-02 2.165159488185860681e+00 8.170740507973141969e-03 -2.134115252247828151e-02 9.997388630080199512e-01 9.750626894633820374e-01
9.995287226713414075e-01 -3.041673295036509406e-02 -4.141848817355684928e-03 5.936043655669755736e+01 3.049772034903443230e-02 9.993112265466616018e-01 2.114146521233244147e-02 2.240202464897073309e+00 3.495941720299640051e-03 -2.125781866604353060e-02 9.997679148367658586e-01 9.905970479727002065e-01
9.995387746881289059e-01 -3.036100011031221679e-02 6.690046777888883356e-04 6.046774866307799101e+01 3.034214953469881876e-02 9.993486458445521858e-01 1.953555758813575738e-02 2.272458147606872370e+00 -1.261687984900351431e-03 -1.950624825452228900e-02 9.998089389590731901e-01 1.015088453095150500e+00
9.995016306674403550e-01 -3.151664003007988157e-02 1.786531372728670901e-03 6.158981956694751148e+01 3.148369545540737752e-02 9.993734551710981018e-01 1.617015831269901296e-02 2.303338784707361864e+00 -2.295041089506104186e-03 -1.610585299203347309e-02 9.998676583857496469e-01 1.024558063463662405e+00
9.994679821187064661e-01 -3.261518810526749940e-02 4.716378119091362876e-05 6.272567844089387279e+01 3.261102345367462851e-02 9.993614725041896074e-01 1.460028847544494676e-02 2.313934375753575079e+00 -5.233248208375668956e-04 -1.459098280173005101e-02 9.998934089951866389e-01 1.051023489873397221e+00
9.994727562377698771e-01 -3.236561716493874252e-02 -2.583866098023500976e-03 6.390734711228007825e+01 3.239845863627437150e-02 9.993786112350058204e-01 1.388276931993817284e-02 2.329697935560892663e+00 2.132936115661695706e-03 -1.395916299531084828e-02 9.999002912050801717e-01 1.081077428940632856e+00
9.994057542664823712e-01 -3.414306552646815401e-02 -4.731745502733291503e-03 6.508978560610599118e+01 3.420737553221158550e-02 9.993131409597928450e-01 1.425137762738847534e-02 2.414949801993961032e+00 4.241909740384430284e-03 -1.440476940237224272e-02 9.998872480536127316e-01 1.096391684629737240e+00
9.993541570737977109e-01 -3.510569688626082735e-02 -7.671947956860330695e-03 6.629527492413384948e+01 3.519936322469596757e-02 9.993029396778254636e-01 1.243541635164434507e-02 2.499969676908953442e+00 7.230046189250551383e-03 -1.269743270873452574e-02 9.998932451190556403e-01 1.113291140133308321e+00
9.993302180526655309e-01 -3.562655131178123213e-02 -8.358476442811147225e-03 6.749800473126902034e+01 3.573694955013191621e-02 9.992706794851314855e-01 1.345286431141303266e-02 2.580237956618426587e+00 7.873101273787387264e-03 -1.374256027671082701e-02 9.998745702903847343e-01 1.132898785469562242e+00
9.993698190156735661e-01 -3.486369749163169968e-02 -6.669890388727025762e-03 6.861816811780188630e+01 3.496485768062228966e-02 9.992651475093525804e-01 1.570425740022446046e-02 2.647437775993979781e+00 6.117480523830397254e-03 -1.592757264402584055e-02 9.998544338361055051e-01 1.146049996973688589e+00
9.993756348393454392e-01 -3.493226684431702950e-02 -5.298794445747450135e-03 6.979647399389091333e+01 3.501206659609912980e-02 9.992619885525007017e-01 1.579979198527600714e-02 2.757101596780956232e+00 4.742961325074217076e-03 -1.597544888962920337e-02 9.998611350335856462e-01 1.170323579165006622e+00
9.993644132219422493e-01 -3.531834784463389748e-02 -4.835689309070060130e-03 7.089848406197894803e+01 3.538822337026439196e-02 9.992577387583301274e-01 1.521989416165231770e-02 2.765364258070208692e+00 4.294558448159456997e-03 -1.538134705157910391e-02 9.998724773342957395e-01 1.202858143814436787e+00
9.993621881337855228e-01 -3.543754021713534097e-02 -4.404278807728304566e-03 7.198258648001501570e+01 3.549632276825312460e-02 9.992706960868885657e-01 1.407433877533174893e-02 2.798043592617494468e+00 3.902306803579031792e-03 -1.422169769717295841e-02 9.998912517450214699e-01 1.220109218438849119e+00
9.993242307525556090e-01 -3.659934189374531438e-02 -3.401470823457940044e-03 7.307363024288379449e+01 3.664015689755419775e-02 9.992461439655252464e-01 1.283131608823914402e-02 2.864794167466925501e+00 2.929288879691456775e-03 -1.294727550407719432e-02 9.999118897801373418e-01 1.237548461152825796e+00
9.992924210974073462e-01 -3.754292339527103006e-02 -2.277287909667214186e-03 7.416906981219001693e+01 3.756661956514095735e-02 9.992285053856205801e-01 1.145177362999060498e-02 2.927139076090979675e+00 1.845597934178838705e-03 -1.152922060511637689e-02 9.999318330968914870e-01 1.248264552237217773e+00
9.992662931753560907e-01 -3.827592407800243374e-02 -1.352390314651270506e-03 7.523495939782351627e+01 3.828837950773248539e-02 9.992076999178962637e-01 1.086151092000886206e-02 2.957855731312739156e+00 9.355844483473273014e-04 -1.090532258893174566e-02 9.999400975163352800e-01 1.261920169304152628e+00
9.992347100123035730e-01 -3.906185109511038644e-02 -2.041101579196019731e-03 7.638774560948958481e+01 3.908360353404306126e-02 9.991638170800056784e-01 1.200577248300517368e-02 2.989057945961784313e+00 1.570427147904633960e-03 -1.207635819042424119e-02 9.999258449162310436e-01 1.277781126837368886e+00
9.991984284912521774e-01 -3.974365097098161298e-02 -4.789854706936973010e-03 7.748464031913538008e+01 3.980204565630874464e-02 9.991257985967513244e-01 1.278419884011219518e-02 3.008646397549674223e+00 4.277576672585796033e-03 -1.296459740629324689e-02 9.999068064334343253e-01 1.304521026881910739e+00
9.991524998681605707e-01 -4.066165619402726389e-02 -6.396227229311633039e-03 7.859957356706706832e+01 4.075355829709249866e-02 9.990572012433058813e-01 1.496182241654002432e-02 3.034205619281076682e+00 5.781824395094895680e-03 -1.520981128934151272e-02 9.998676073096941508e-01 1.327657510756265591e+00
9.990672674017756494e-01 -4.284915601633065840e-02 -5.342755379161140232e-03 7.967238314937458199e+01 4.293976863082072520e-02 9.989120823948803851e-01 1.818867547297536164e-02 3.117484813401906862e+00 4.557573508452411777e-03 -1.840112698227631960e-02 9.998202973782351899e-01 1.349633815013683513e+00
9.990377067958389201e-01 -4.375804482275087726e-02 -2.982266488144273611e-03 8.087114396363375590e+01 4.380899299141628733e-02 9.988404949084020990e-01 1.996090840175757455e-02 3.144941768279388317e+00 2.105358210419875850e-03 -2.007235024693221001e-02 9.997963133670658697e-01 1.376919678126479196e+00
9.990344574869225447e-01 -4.393336784885756852e-02 -1.092852812011723546e-04 8.209641053513561815e+01 4.392560139162555999e-02 9.988044910971796142e-01 2.145064349842085161e-02 3.170666700555432538e+00 -8.332443817362349819e-04 -2.143473241189112338e-02 9.997699025026898223e-01 1.396516996170084735e+00
9.990499005441251246e-01 -4.357765624405798149e-02 5.330094320538786550e-04 8.323738802727893926e+01 4.355602607682478727e-02 9.988179367134110143e-01 2.157781017546783406e-02 3.263385916711904144e+00 -1.472689775498875302e-03 -2.153409333704027484e-02 9.997670298669514288e-01 1.406153985999742728e+00
9.990734023877225756e-01 -4.302314047142596215e-02 -1.160183348749452672e-03 8.433846085413675553e+01 4.303855177271184024e-02 9.987929462506647260e-01 2.367136627307385097e-02 3.324693202289698668e+00 1.403664287714287938e-04 -2.369936505272768335e-02 9.997191207501097132e-01 1.457145424133575506e+00
9.990573247736117546e-01 -4.337671266480614546e-02 -1.709565616214744942e-03 8.545546097144136866e+01 4.340542317302502340e-02 9.987637374926439104e-01 2.422737932392933155e-02 3.378084323321570270e+00 6.565480727842241395e-04 -2.427874519265497272e-02 9.997050122293615892e-01 1.479328656893187599e+00
9.989948782130915195e-01 -4.478721736251002616e-02 -1.827146665897442417e-03 8.655586302166008750e+01 4.481849552693782657e-02 9.986971225525838047e-01 2.439999721107661418e-02 3.448704916394838893e+00 7.319581389762212656e-04 -2.445736220695268748e-02 9.997006060172056729e-01 1.487648187116685339e+00
9.989199655827064595e-01 -4.642845428002592700e-02 -1.816863621385884746e-03 8.752945126849334656e+01 4.645547006661474021e-02 9.987217532397881792e-01 1.991855683888064596e-02 3.463501759186128126e+00 8.897534158300511283e-04 -1.998144736553111173e-02 9.997999550410308078e-01 1.490792115081681191e+00
9.988140503767138911e-01 -4.868288462618855506e-02 -6.852113128707250107e-04 8.851188678234881024e+01 4.868656790860119432e-02 9.985955224416589449e-01 2.089499137979139443e-02 3.545752837878994423e+00 -3.329795056484988322e-04 -2.090357155975264974e-02 9.997814410263402563e-01 1.514534757086022365e+00
9.987693757681699314e-01 -4.958910588554139853e-02 8.090767199397275612e-04 8.949079633198807926e+01 4.956222389330856154e-02 9.985616267940211621e-01 2.045149034271200039e-02 3.623330588134105135e+00 -1.822084085786044791e-03 -2.038622260157957333e-02 9.997905190276780152e-01 1.530844473656981286e+00
9.986972950487184031e-01 -5.099646075486899410e-02 1.753240673017855081e-03 9.054055318797080076e+01 5.095125455266944631e-02 9.985003912677117288e-01 2.002344370348581662e-02 3.636723668688633726e+00 -2.771736258996937083e-03 -1.990802925240931984e-02 9.997979735173546656e-01 1.552245207621195222e+00
9.985978995275023307e-01 -5.290286016606132041e-02 1.876817923576733996e-03 9.152795993597833046e+01 5.286004920460325718e-02 9.984358636527198572e-01 1.821102331408628802e-02 3.639651515679769744e+00 -2.837297544311235317e-03 -1.808628094190547347e-02 9.998324040479739105e-01 1.565211456843287108e+00
9.983936243773197106e-01 -5.663662237887343021e-02 1.569652267317606792e-03 9.244093009310384446e+01 5.660070181317745919e-02 9.982442500808272889e-01 1.745788460363769529e-02 3.724109629243117947e+00 -2.555651968306314834e-03 -1.734099726345488326e-02 9.998463674269864043e-01 1.589558348793429277e+00
9.981546657627118346e-01 -6.071125264477181260e-02 1.186178080688893906e-03 9.336471887389708968e+01 6.068168302926505581e-02 9.980068989376645883e-01 1.731944045212158514e-02 3.786170504614484678e+00 -2.235298832851005321e-03 -1.721550101337689445e-02 9.998493036273026213e-01 1.613452473647640772e+00
9.979524857954553685e-01 -6.394331306051707908e-02 1.445271436267467390e-03 9.416301940602315312e+01 6.390834476765240579e-02 9.978023050042850173e-01 1.750095989393014168e-02 3.798769660872472365e+00 -2.561164527821683818e-03 -1.737276152472319590e-02 9.998458019081163384e-01 1.633106450616565564e+00
9.977791390415968742e-01 -6.657398154655351508e-02 2.166719745918512831e-03 9.504683198620693929e+01 6.652295384039663695e-02 9.976144944857717745e-01 1.843955000159369639e-02 3.876570912175436590e+00 -3.389145285549708536e-03 -1.825446172726267677e-02 9.998276293048211638e-01 1.661240451579984567e+00
9.975825764667101136e-01 -6.943245947652253169e-02 2.852490331199333644e-03 9.595721504150742476e+01 6.936519001638266624e-02 9.974060132454511951e-01 1.922797846423513271e-02 3.964033893309251155e+00 -4.180136844596211640e-03 -1.898363276275536263e-02 9.998110562216782071e-01 1.679422082291993634e+00
9.973931024707450854e-01 -7.208664397380405708e-02 3.242669330145961457e-03 9.687991179726022040e+01 7.200708422873781933e-02 9.971999887949277719e-01 2.017825979329636310e-02 4.027274183813846165e+00 -4.688172849417519827e-03 -1.989216197411560610e-02 9.997911396523510019e-01 1.706879046271279732e+00
9.971693235044158943e-01 -7.509329959124433351e-02 3.786372704038788294e-03 9.771333394195544031e+01 7.499513906709499855e-02 9.969514432225388134e-01 2.153018747756314105e-02 4.069067577406102032e+00 -5.391602550378243527e-03 -2.118528293442645608e-02 9.997610286508199495e-01 1.731440502971408391e+00
9.969458738537987363e-01 -7.799469651474547072e-02 3.968869041302824745e-03 9.844194507633912394e+01 7.788380207787563847e-02 9.966976264246170114e-01 2.297726818930684659e-02 4.128506207263138883e+00 -5.747867412219612865e-03 -2.259798210287665074e-02 9.997281096503727316e-01 1.752950074417248150e+00
9.966897012564643887e-01 -8.123212056756101695e-02 3.313909685748157342e-03 9.908752257607936542e+01 8.112706213021833590e-02 9.964016854441271054e-01 2.453733959168674650e-02 4.194044799987291405e+00 -5.295205324408219782e-03 -2.418726591029788861e-02 9.996934214889964254e-01 1.757585957185091807e+00
9.963918043683186454e-01 -8.487049327284143518e-02 6.095566255057472717e-04 9.984262317813610821e+01 8.482769816768340188e-02 9.960718167795206135e-01 2.540073701950244442e-02 4.303368572779204371e+00 -2.762935255736471713e-03 -2.525737890570345021e-02 9.996771633880653374e-01 1.774467162853093694e+00
9.961630873975000355e-01 -8.746232556799256319e-02 -3.073257706210440632e-03 1.005927771031781788e+02 8.751354167139140106e-02 9.957962309636607667e-01 2.704156842184747556e-02 4.414169008438731723e+00 6.952199794435370839e-04 -2.720676395351852295e-02 9.996295857288237663e-01 1.799424288771083624e+00
9.960291161376492175e-01 -8.883771542063494120e-02 -5.818945343024921682e-03 1.012687980795197262e+02 8.897105287744032365e-02 9.956017535912280447e-01 2.934791297463739540e-02 4.485076038811228294e+00 3.186150646536652781e-03 -2.974909351441880692e-02 9.995523197307625285e-01 1.827102224186869961e+00
9.959813756362332349e-01 -8.931134867219424345e-02 -6.677004127582505597e-03 1.018635931183406740e+02 8.947805093495780904e-02 9.954942868535827660e-01 3.138157489312401460e-02 4.553053152265848169e+00 3.844188685143731365e-03 -3.185290944710677391e-02 9.994851746640001089e-01 1.855956636502915647e+00
9.961031033275637991e-01 -8.794803345869174616e-02 -6.614450238287775813e-03 1.023681958517744874e+02 8.812895481288156307e-02 9.954708237168615748e-01 3.565286036319869484e-02 4.571472702111613273e+00 3.448893271021795902e-03 -3.609684943644953653e-02 9.993423450429719246e-01 1.882136754174367654e+00
9.962794149620509687e-01 -8.595324286249325652e-02 -6.274341742696584040e-03 1.030365657705691120e+02 8.613145844020476949e-02 9.955451140933512244e-01 3.835749824785840423e-02 4.630972284966353492e+00 2.949438903597654572e-03 -3.875520411883588007e-02 9.992443820026611911e-01 1.892434501652423773e+00
9.966615188691221316e-01 -8.145653740916534991e-02 -5.536182693258822479e-03 1.036407875191049612e+02 8.161690826403961152e-02 9.957933382144213974e-01 4.164502194997536655e-02 4.696503942557663791e+00 2.120634556711364221e-03 -4.195783694500990896e-02 9.991171316857665463e-01 1.910706999829317798e+00
9.971919171939650495e-01 -7.475306946631447846e-02 -4.500987491511672205e-03 1.042123110811334215e+02 7.487640495720652989e-02 9.963070957366677582e-01 4.202017331552653640e-02 4.734824505138571560e+00 1.343228840772870509e-03 -4.223919495145517927e-02 9.991066240127510767e-01 1.916586320576431746e+00
9.977884501013963847e-01 -6.641104693319345442e-02 -2.789567977334709431e-03 1.047850994176861690e+02 6.646960524605045884e-02 9.969223051735415231e-01 4.156571936010160923e-02 4.758523309944608037e+00 2.055959916709556787e-05 -4.165921617992667664e-02 9.991318778242439524e-01 1.931780951820363024e+00
9.984869916621090802e-01 -5.495678930608201979e-02 -1.865151663373022534e-03 1.053147784822882613e+02 5.498708711166407775e-02 9.976509818159818854e-01 4.085264658009270938e-02 4.770575446350774129e+00 -3.843599024982283013e-04 -4.089339544218333761e-02 9.991634413231386125e-01 1.932461124163779465e+00
9.991498391767328346e-01 -4.120305172078116834e-02 -1.381087257828095705e-03 1.057474669864054277e+02 4.122522187430596036e-02 9.983357656302677130e-01 4.032592398020808794e-02 4.772283597294386226e+00 -2.827623264988253591e-04 -4.034857608811063395e-02 9.991856246229486871e-01 1.953362909995402186e+00
9.996581909633758256e-01 -2.611048759126215202e-02 -1.320483846426604487e-03 1.061029681713205832e+02 2.614217850744117097e-02 9.988904478673173992e-01 3.917217969849393772e-02 4.760657957145028263e+00 2.962139888183897766e-04 -3.919331061791897497e-02 9.992316031131636134e-01 1.956446926600285741e+00
9.999655529193829384e-01 -7.815699021542948585e-03 -2.794248279794395596e-03 1.065325294235809821e+02 7.915096618431661721e-03 9.992640349670607325e-01 3.753318087885363502e-02 4.768867804753038619e+00 2.498843765696863277e-03 -3.755400471545733421e-02 9.992914752511844467e-01 1.964474415888155301e+00
9.999076762234243576e-01 1.246512032454693934e-02 -5.409233289223598466e-03 1.070081988882945581e+02 -1.225958643376640067e-02 9.992585432922469479e-01 3.649748207676187239e-02 4.773771018683565792e+00 5.860168082547358506e-03 -3.642779752833222306e-02 9.993191051897788446e-01 1.984821061567995537e+00
9.992971527848064639e-01 3.621094838208924194e-02 -9.693691425814311702e-03 1.074717069876365940e+02 -3.585441010438694676e-02 9.987535741595774397e-01 3.472404612873025709e-02 4.760216804698885973e+00 1.093899960031687740e-02 -3.435207884180277449e-02 9.993499251848726450e-01 1.997213084977843556e+00
9.978937221438074490e-01 6.388246236724935689e-02 -1.127609453161257380e-02 1.079131727574006163e+02 -6.348093929346633468e-02 9.974387610585246922e-01 3.295585356912902886e-02 4.736986957389197173e+00 1.335251483460095714e-02 -3.217062231209661533e-02 9.993931965986494470e-01 2.001101879024492547e+00
9.955187295280374382e-01 9.386120166121299235e-02 -1.151234040531108963e-02 1.082270293839719670e+02 -9.349690272976139693e-02 9.951999435719528497e-01 2.890331286098282021e-02 4.719764246870198576e+00 1.416998019886860083e-02 -2.769742112745056384e-02 9.995159150929397995e-01 1.992150966899565390e+00
9.919281489571771804e-01 1.261939390938483507e-01 -1.239504103976492126e-02 1.085514369458826991e+02 -1.258307161555305975e-01 9.916930631451125189e-01 2.667394574609094349e-02 4.671244465427878190e+00 1.565816650140876981e-02 -2.489896073849420105e-02 9.995673381898686483e-01 1.995265177780815025e+00
9.867000932902716404e-01 1.620252947841519520e-01 -1.306635951939566324e-02 1.088330144418171983e+02 -1.616621336249021712e-01 9.865234906926003688e-01 2.523404176004770405e-02 4.589457796462971473e+00 1.697882365848612032e-02 -2.278609580011496660e-02 9.995961751554414132e-01 2.010978964486090703e+00
9.796788861497387479e-01 2.001364967198133449e-01 -1.321600216176285238e-02 1.091260064718761669e+02 -1.997910071659536047e-01 9.795520981129925975e-01 2.369051578301292760e-02 4.499793887795588532e+00 1.768709948051842493e-02 -2.056865973200973363e-02 9.996319806552912413e-01 2.018803033433490768e+00
9.706747984911767713e-01 2.400254702475185242e-01 -1.334950210992245402e-02 1.093935337238879271e+02 -2.396988159918681804e-01 9.705920005487589375e-01 2.226311035934190954e-02 4.387451973156320406e+00 1.830063349237311815e-02 -1.841038031201253783e-02 9.996630155760338754e-01 2.026694684599287033e+00
9.593970666754609855e-01 2.817324025217025074e-01 -1.356914971107873319e-02 1.096470464523283681e+02 -2.813956948881853881e-01 9.593300063926565313e-01 2.241431982190441805e-02 4.283301205640342779e+00 1.933213265338723508e-02 -1.768593237667078627e-02 9.996566792869756579e-01 2.054446025803494003e+00
9.453784554900391823e-01 3.257066141685362459e-01 -1.322033971379292169e-02 1.099869955653012994e+02 -3.253519417222475174e-01 9.453016682468488030e-01 2.347062051385639947e-02 4.192773596488084564e+00 2.014174552624152167e-02 -1.788735577467296528e-02 9.996371104508728900e-01 2.067069045522775816e+00
9.292848195761882479e-01 3.691595247524033785e-01 -1.228696015468637784e-02 1.103707680851621546e+02 -3.688190640218867444e-01 9.292066162428495035e-01 2.340005009719874421e-02 4.078787430699763128e+00 2.005547604231143477e-02 -1.721364618872427837e-02 9.996506731181807881e-01 2.090900425367961279e+00
9.106114865734431518e-01 4.130990959250956940e-01 -1.165579110931836207e-02 1.107126639478666021e+02 -4.127735863427350882e-01 9.105430759824366671e-01 2.300593832508087550e-02 3.969448351480963755e+00 2.011683221268721622e-02 -1.613826900036456277e-02 9.996673793494632587e-01 2.103836961062652833e+00
8.891124240948669044e-01 4.575369591800434454e-01 -1.179102643707850492e-02 1.109253412801645169e+02 -4.572226639728267372e-01 8.890744659253895232e-01 2.222677639902610747e-02 3.755808465920615014e+00 2.065267221824326760e-02 -1.437097852541843399e-02 9.996834209420959461e-01 2.104734207662998013e+00
